0 0.5866013071895425 0.6018306636155607 0.6225490196078431 0.6178489702517163 0.6486928104575164 0.6178489702517163 0.6748366013071896 0.5972540045766591 0.6993464052287582 0.5560640732265446 0.7075163398692811 0.5217391304347826 0.7058823529411765 0.4874141876430206 0.6977124183006537 0.4622425629290618 0.6862745098039217 0.45308924485125857 0.6258169934640523 0.45080091533180777 0.6013071895424837 0.46681922196796344 0.5833333333333334 0.4919908466819222 0.573529411764706 0.5354691075514875 0.573529411764706 0.5697940503432495 0.5866013071895425 0.6018306636155607
0 0.6813725490196079 0.8100686498855836 0.6830065359477124 0.8810068649885584 0.6895424836601307 0.8901601830663616 0.7091503267973857 0.8810068649885584 0.6911764705882354 0.9107551487414187 0.6911764705882354 0.9244851258581236 0.7205882352941176 0.9610983981693364 0.7516339869281047 0.9679633867276889 0.7908496732026145 0.9290617848970252 0.8267973856209151 0.8146453089244852 0.8316993464052288 0.7734553775743707 0.8300653594771242 0.7048054919908467 0.8186274509803922 0.6498855835240275 0.800653594771242 0.6064073226544623 0.7810457516339869 0.5949656750572082 0.7598039215686275 0.5697940503432495 0.7418300653594772 0.5675057208237987 0.7124183006535949 0.5881006864988558 0.6895424836601307 0.6224256292906178 0.6732026143790851 0.6933638443935927 0.6699346405228759 0.7734553775743707 0.6813725490196079 0.8100686498855836
0 0.8382352941176471 0.8924485125858125 0.8529411764705883 0.931350114416476 0.8725490196078431 0.9610983981693364 0.9133986928104576 0.9977116704805492 0.9983660130718954 0.9931350114416476 0.9983660130718954 0.7986270022883296 0.9673202614379086 0.7505720823798627 0.9362745098039217 0.7231121281464531 0.9183006535947713 0.7162471395881007 0.8872549019607844 0.7185354691075515 0.857843137254902 0.7391304347826088 0.8415032679738563 0.7734553775743707 0.834967320261438 0.8077803203661327 0.8333333333333334 0.8649885583524027 0.8382352941176471 0.8924485125858125
0 0.8251633986928105 0.6453089244851259 0.8431372549019608 0.6750572082379863 0.8643790849673203 0.6864988558352403 0.9035947712418301 0.6842105263157895 0.9248366013071896 0.6727688787185355 0.996732026143791 0.6086956521739131 0.9983660130718954 0.35240274599542337 0.9575163398692811 0.3569794050343249 0.8970588235294118 0.4073226544622426 0.8676470588235295 0.448512585812357 0.8169934640522876 0.5606407322654463 0.8137254901960785 0.6086956521739131 0.8251633986928105 0.6453089244851259
0 0.400326797385621 0.7139588100686498 0.4166666666666667 0.7231121281464531 0.4509803921568628 0.7139588100686498 0.4705882352941177 0.7002288329519452 0.477124183006536 0.6727688787185355 0.4754901960784314 0.6109839816933639 0.4575163398692811 0.551487414187643 0.4281045751633987 0.5034324942791762 0.4101307189542484 0.494279176201373 0.3921568627450981 0.494279176201373 0.37745098039215685 0.5034324942791762 0.36764705882352944 0.517162471395881 0.34803921568627455 0.5789473684210527 0.3513071895424837 0.6338672768878718 0.400326797385621 0.7139588100686498
0 0.49673202614379086 0.7505720823798627 0.5196078431372549 0.7734553775743707 0.565359477124183 0.7894736842105264 0.5947712418300654 0.7803203661327232 0.6111111111111112 0.759725400457666 0.6503267973856209 0.7459954233409611 0.6601307189542484 0.7231121281464531 0.6617647058823529 0.6727688787185355 0.6405228758169935 0.6384439359267735 0.6176470588235294 0.6407322654462243 0.6013071895424837 0.6247139588100686 0.5833333333333334 0.6178489702517163 0.5441176470588235 0.6155606407322656 0.5032679738562092 0.6315789473684211 0.48692810457516345 0.6567505720823799 0.47875816993464054 0.6864988558352403 0.4803921568627451 0.7231121281464531 0.49673202614379086 0.7505720823798627
0 0.6062091503267973 0.9954233409610984 0.6666666666666666 0.8764302059496567 0.6748366013071896 0.8375286041189931 0.6748366013071896 0.805491990846682 0.6683006535947713 0.782608695652174 0.6421568627450981 0.7620137299771167 0.6241830065359478 0.7620137299771167 0.6062091503267973 0.77116704805492 0.5980392156862746 0.7848970251716247 0.5506535947712419 0.8077803203661327 0.5294117647058824 0.8489702517162472 0.5196078431372549 0.9153318077803204 0.5016339869281046 0.9610983981693364 0.4983660130718955 0.9977116704805492 0.6062091503267973 0.9954233409610984
0 0.7189542483660132 0.9977116704805492 0.7124183006535949 0.9702517162471396 0.6911764705882354 0.9382151029748285 0.6666666666666666 0.9267734553775744 0.6519607843137256 0.9359267734553776 0.619281045751634 0.988558352402746 0.6176470588235294 0.9977116704805492 0.7189542483660132 0.9977116704805492
0 0.36274509803921573 0.9107551487414187 0.37745098039215685 0.965675057208238 0.3937908496732026 0.9977116704805492 0.46568627450980393 0.9977116704805492 0.4918300653594772 0.9633867276887872 0.5098039215686275 0.8924485125858125 0.5114379084967321 0.8329519450800915 0.5049019607843137 0.8009153318077803 0.4803921568627451 0.7437070938215102 0.45424836601307195 0.7276887871853547 0.42483660130718953 0.7231121281464531 0.41339869281045755 0.7299771167048056 0.3790849673202615 0.7757437070938216 0.3611111111111111 0.8352402745995424 0.35784313725490197 0.8810068649885584 0.36274509803921573 0.9107551487414187
0 0.8921568627450981 0.9977116704805492 0.8741830065359478 0.9748283752860412 0.8316993464052288 0.9496567505720824 0.7745098039215687 0.9565217391304347 0.7401960784313727 0.9862700228832953 0.7369281045751634 0.9977116704805492 0.8921568627450981 0.9977116704805492
0 0.4754901960784314 0.5812356979405034 0.5049019607843137 0.6018306636155607 0.5294117647058824 0.5949656750572082 0.542483660130719 0.5835240274599542 0.5702614379084968 0.5286041189931351 0.5816993464052288 0.46910755148741423 0.5849673202614379 0.4279176201372998 0.5718954248366013 0.37528604118993136 0.5473856209150327 0.345537757437071 0.5277777777777778 0.33638443935926776 0.4934640522875817 0.33638443935926776 0.4820261437908497 0.34324942791762014 0.4607843137254902 0.37757437070938216 0.44607843137254904 0.425629290617849 0.4444444444444444 0.5034324942791762 0.4754901960784314 0.5812356979405034
0 0.5620915032679739 0.32036613272311215 0.5800653594771242 0.37299771167048057 0.59640522875817 0.402745995423341 0.6307189542483661 0.437070938215103 0.6633986928104576 0.437070938215103 0.6764705882352942 0.42105263157894735 0.6944444444444444 0.414187643020595 0.7271241830065359 0.34096109839816935 0.738562091503268 0.2745995423340961 0.7336601307189542 0.2311212814645309 0.704248366013072 0.15331807780320367 0.6650326797385622 0.10068649885583525 0.6307189542483661 0.09610983981693365 0.6062091503267973 0.11212814645308924 0.5833333333333334 0.13958810068649885 0.5669934640522877 0.16704805491990846 0.5555555555555556 0.2036613272311213 0.553921568627451 0.2631578947368421 0.5620915032679739 0.32036613272311215
0 0.7091503267973857 0.44622425629290624 0.7124183006535949 0.4919908466819222 0.7205882352941176 0.5240274599542334 0.7369281045751634 0.5491990846681922 0.7549019607843137 0.5606407322654463 0.7794117647058825 0.5606407322654463 0.8137254901960785 0.5377574370709383 0.8447712418300654 0.4874141876430206 0.900326797385621 0.3501144164759726 0.9150326797385622 0.2791762013729977 0.9150326797385622 0.2517162471395881 0.9035947712418301 0.22196796338672772 0.8676470588235295 0.1853546910755149 0.8382352941176471 0.18764302059496568 0.812091503267974 0.21052631578947367 0.7516339869281047 0.2974828375286041 0.7450980392156863 0.3340961098398169 0.7271241830065359 0.3707093821510298 0.7124183006535949 0.4233409610983982 0.7173202614379085 0.437070938215103 0.7091503267973857 0.44622425629290624
0 0.9575163398692811 0.7276887871853547 0.988562091503268 0.77116704805492 0.9983660130718954 0.7757437070938216 0.9983660130718954 0.6178489702517163 0.9591503267973857 0.6544622425629291 0.9526143790849674 0.6681922196796338 0.9509803921568628 0.6979405034324943 0.9575163398692811 0.7276887871853547