0 0.30228758169934644 0.6588785046728971 0.32026143790849676 0.7079439252336448 0.3513071895424837 0.7406542056074765 0.36601307189542487 0.747663551401869 0.42483660130718953 0.7593457943925233 0.4493464052287582 0.7546728971962616 0.4640522875816994 0.7383177570093458 0.47385620915032683 0.7009345794392523 0.4918300653594772 0.6658878504672897 0.5196078431372549 0.6331775700934579 0.5392156862745099 0.5163551401869159 0.5326797385620915 0.4345794392523364 0.5081699346405228 0.3855140186915888 0.4803921568627451 0.3691588785046729 0.43790849673202614 0.3691588785046729 0.3888888888888889 0.4018691588785046 0.35784313725490197 0.44158878504672894 0.3055555555555556 0.5630841121495327 0.30065359477124187 0.5841121495327102 0.30228758169934644 0.6588785046728971
0 0.6486928104575164 0.08411214953271028 0.6781045751633987 0.09579439252336447 0.6911764705882354 0.11448598130841121 0.6993464052287582 0.13317757009345793 0.6993464052287582 0.14953271028037382 0.704248366013072 0.15186915887850466 0.7369281045751634 0.0864485981308411 0.7418300653594772 0.06542056074766354 0.7549019607843137 0.056074766355140186 0.758169934640523 0.04439252336448597 0.7369281045751634 0 0.6519607843137256 0 0.6405228758169935 0.07242990654205607 0.6486928104575164 0.08411214953271028
0 0.607843137254902 0.18224299065420557 0.6225490196078431 0.20327102803738317 0.6454248366013071 0.21962616822429903 0.6748366013071896 0.20794392523364483 0.6977124183006537 0.16121495327102803 0.6977124183006537 0.13551401869158877 0.6830065359477124 0.10514018691588783 0.6535947712418301 0.0864485981308411 0.6405228758169935 0.0864485981308411 0.6176470588235294 0.10046728971962615 0.5980392156862746 0.1378504672897196 0.5980392156862746 0.16121495327102803 0.607843137254902 0.18224299065420557
0 0.9101307189542484 0.1378504672897196 0.9330065359477124 0.17523364485981308 0.9444444444444444 0.1775700934579439 0.9640522875816994 0.14485981308411214 0.9983660130718954 0.12383177570093457 0.9983660130718954 0.004672897196261682 0.9934640522875817 0 0.9101307189542484 0 0.8937908496732027 0.0397196261682243 0.8856209150326798 0.07242990654205607 0.9101307189542484 0.1378504672897196
0 0.761437908496732 0.6658878504672897 0.7303921568627452 0.7149532710280373 0.7401960784313727 0.7313084112149532 0.7826797385620915 0.7616822429906541 0.8186274509803922 0.7710280373831776 0.8594771241830066 0.764018691588785 0.9035947712418301 0.7313084112149532 0.9084967320261439 0.6939252336448597 0.9019607843137256 0.6448598130841121 0.8905228758169935 0.6074766355140186 0.8741830065359478 0.5817757009345793 0.8202614379084968 0.5490654205607476 0.7448627450980392 0.4851542056074766 0.7647058823529412 0.5537383177570093 0.7696078431372549 0.6238317757009345 0.761437908496732 0.6658878504672897
0 0.823529411764706 0.9789719626168223 0.834967320261438 0.9953271028037383 0.9722222222222222 0.9953271028037383 0.9852941176470589 0.9532710280373832 0.9950980392156864 0.8761682242990653 0.9950980392156864 0.8341121495327102 0.988562091503268 0.8107476635514018 0.9673202614379086 0.7710280373831776 0.9248366013071896 0.7453271028037383 0.8970588235294118 0.7499999999999999 0.8709150326797386 0.764018691588785 0.8398692810457518 0.7897196261682242 0.8202614379084968 0.8224299065420559 0.8088235294117647 0.9112149532710279 0.792483660130719 0.9369158878504672 0.7892156862745098 0.9742990654205607 0.823529411764706 0.9789719626168223
0 0.5032679738562092 0.9953271028037383 0.4983660130718955 0.9813084112149532 0.4607843137254902 0.9462616822429906 0.42483660130718953 0.9228971962616822 0.3823529411764706 0.9065420560747662 0.3611111111111111 0.9065420560747662 0.3316993464052288 0.9228971962616822 0.3055555555555556 0.9509345794392522 0.28594771241830064 0.9859813084112148 0.28431372549019607 0.997663551401869 0.5032679738562092 0.9953271028037383
0 0.23692810457516342 0.5630841121495327 0.2581699346405229 0.5747663551401868 0.28594771241830064 0.5700934579439252 0.30228758169934644 0.558411214953271 0.32516339869281047 0.49766355140186913 0.32026143790849676 0.46028037383177567 0.3104575163398693 0.43691588785046725 0.28104575163398693 0.40887850467289716 0.2532679738562092 0.40654205607476634 0.24019607843137256 0.41588785046728965 0.22385620915032683 0.4345794392523364 0.21405228758169936 0.4672897196261682 0.21895424836601307 0.5303738317757009 0.23692810457516342 0.5630841121495327
0 0.369281045751634 0.028037383177570093 0.40522875816993464 0.051401869158878497 0.44607843137254904 0.04439252336448597 0.46732026143790856 0.030373831775700934 0.4901960784313726 0 0.3513071895424837 0 0.369281045751634 0.028037383177570093
0 0.1388888888888889 0.018691588785046728 0.17647058823529413 0.046728971962616814 0.18137254901960786 0.046728971962616814 0.18300653594771243 0.028037383177570093 0.19607843137254904 0 0.11666666666666668 0 0.11601307189542485 0.011682242990654203 0.10784313725490197 0 0.10620915032679738 0.011682242990654203 0.1388888888888889 0.018691588785046728
0 0.28594771241830064 0.40887850467289716 0.3104575163398693 0.425233644859813 0.30718954248366015 0.3714953271028037 0.3137254901960784 0.3411214953271028 0.2990196078431373 0.32943925233644855 0.28594771241830064 0.32943925233644855 0.26960784313725494 0.3434579439252336 0.25490196078431376 0.3714953271028037 0.2532679738562092 0.4042056074766355 0.28594771241830064 0.40887850467289716
0 0.19444444444444445 0.3200934579439252 0.22058823529411764 0.37616822429906543 0.2450980392156863 0.3691588785046729 0.28758169934640526 0.3130841121495327 0.27450980392156865 0.2336448598130841 0.25653594771241833 0.22196261682242988 0.24183006535947715 0.1985981308411215 0.20915032679738563 0.2009345794392523 0.1797385620915033 0.24999999999999997 0.1568627450980392 0.2686915887850467 0.15849673202614378 0.2803738317757009 0.19444444444444445 0.3200934579439252
0 0 0.4228971962616822 0.03594771241830066 0.43925233644859807 0.05555555555555555 0.43224299065420557 0.07189542483660132 0.40887850467289716 0.0784313725490196 0.3878504672897196 0.07516339869281047 0.36214953271028033 0.06045751633986929 0.3200934579439252 0.05065359477124183 0.3037383177570093 0.03431372549019608 0.29439252336448596 0.004901960784313725 0.30140186915887845 0 0.3060747663551402 0 0.4228971962616822
0 0.9901960784313727 0.647196261682243 0.9983660130718954 0.6495327102803737 0.9983660130718954 0.5186915887850466 0.9901960784313727 0.5093457943925233 0.9803921568627452 0.514018691588785 0.9607843137254902 0.5490654205607476 0.9640522875816994 0.6098130841121495 0.9901960784313727 0.647196261682243
0 0.18300653594771243 0.7710280373831776 0.19607843137254904 0.8177570093457943 0.22712418300653597 0.8434579439252337 0.26960784313725494 0.8411214953271027 0.2973856209150327 0.8317757009345793 0.3316993464052288 0.8014018691588783 0.3496732026143791 0.7523364485981309 0.3104575163398693 0.7009345794392523 0.2990196078431373 0.6705607476635513 0.29575163398692816 0.6238317757009345 0.28594771241830064 0.616822429906542 0.28104575163398693 0.600467289719626 0.25 0.586448598130841 0.24019607843137256 0.5887850467289719 0.2320261437908497 0.6355140186915887 0.2107843137254902 0.6775700934579438 0.1911764705882353 0.7032710280373832 0.16666666666666666 0.719626168224299 0.16666666666666666 0.7406542056074765 0.18300653594771243 0.7710280373831776
0 0.758169934640523 0.028037383177570093 0.7761437908496732 0.037383177570093455 0.8202614379084968 0.016355140186915886 0.8758169934640523 0.030373831775700934 0.9035947712418301 0 0.7418300653594772 0.002336448598130841 0.758169934640523 0.028037383177570093
0 0.9084967320261439 0.7266355140186915 0.9346405228758171 0.747663551401869 0.9689542483660132 0.7616822429906541 0.9852941176470589 0.719626168224299 0.9803921568627452 0.6401869158878504 0.9444444444444444 0.5911214953271027 0.9330065359477124 0.5630841121495327 0.9052287581699346 0.558411214953271 0.8790849673202615 0.5747663551401868 0.9101307189542484 0.6542056074766355 0.9084967320261439 0.7266355140186915
0 0 0.9275700934579438 0.027777777777777776 0.9369158878504672 0.11601307189542485 0.9322429906542055 0.16013071895424838 0.9088785046728971 0.18137254901960786 0.880841121495327 0.18954248366013074 0.8434579439252337 0.18627450980392157 0.8060747663551401 0.17810457516339873 0.7757009345794392 0.14869281045751634 0.7289719626168223 0.06699346405228758 0.6705607476635513 0.04575163398692811 0.6705607476635513 0.004901960784313725 0.6962616822429906 0 0.7009345794392523 0 0.9275700934579438
0 0.20751633986928106 0.10046728971962615 0.2173202614379085 0.1542056074766355 0.24346405228758172 0.1705607476635514 0.2973856209150327 0.1588785046728972 0.34640522875817 0.08411214953271028 0.35294117647058826 0.04205607476635514 0.34640522875817 0 0.19771241830065361 0 0.184640522875817 0.030373831775700934 0.18300653594771243 0.051401869158878497 0.20751633986928106 0.10046728971962615
0 0.0196078431372549 0.2757009345794392 0.05065359477124183 0.2897196261682243 0.08496732026143793 0.2897196261682243 0.1258169934640523 0.27102803738317754 0.14052287581699346 0.27102803738317754 0.1797385620915033 0.24299065420560748 0.20751633986928106 0.19626168224299062 0.21241830065359477 0.14719626168224298 0.2042483660130719 0.10280373831775699 0.1797385620915033 0.05373831775700934 0.1568627450980392 0.03271028037383177 0.13562091503267976 0.02102803738317757 0.09967320261437909 0.016355140186915886 0.0032679738562091504 0.056074766355140186 0 0.2593457943925233 0.0196078431372549 0.2757009345794392
0 0.08169934640522876 0.3738317757009345 0.08169934640522876 0.4228971962616822 0.09640522875816994 0.43691588785046725 0.09803921568627452 0.4509345794392523 0.11764705882352942 0.4813084112149532 0.12908496732026145 0.48831775700934577 0.18627450980392157 0.4929906542056074 0.2107843137254902 0.4649532710280373 0.2222222222222222 0.4275700934579439 0.22058823529411764 0.39252336448598124 0.20751633986928106 0.35046728971962615 0.17483660130718956 0.2967289719626168 0.14705882352941177 0.27803738317757004 0.12091503267973858 0.27803738317757004 0.09150326797385622 0.29439252336448596 0.08006535947712419 0.308411214953271 0.07352941176470588 0.3387850467289719 0.08169934640522876 0.3738317757009345
0 0.07516339869281047 0.647196261682243 0.09313725490196079 0.6775700934579438 0.12418300653594772 0.7056074766355139 0.14052287581699346 0.7126168224299064 0.17810457516339873 0.7079439252336448 0.21405228758169936 0.6658878504672897 0.22875816993464054 0.6331775700934579 0.23366013071895428 0.5747663551401868 0.22712418300653597 0.5514018691588785 0.21241830065359477 0.5233644859813084 0.18790849673202617 0.5023364485981308 0.13562091503267976 0.4929906542056074 0.10130718954248366 0.5116822429906541 0.08333333333333333 0.5397196261682242 0.07189542483660132 0.6214953271028036 0.07516339869281047 0.647196261682243
0 0.834967320261438 0.997663551401869 0.8169934640522876 0.9813084112149532 0.7761437908496732 0.9836448598130839 0.7401960784313727 0.967289719626168 0.7124183006535949 0.9719626168224299 0.7107843137254902 0.997663551401869 0.834967320261438 0.997663551401869
0 0.33496732026143794 0.4649532710280373 0.34477124183006536 0.4626168224299065 0.37745098039215685 0.40887850467289716 0.40359477124183013 0.3831775700934579 0.400326797385621 0.36448598130841114 0.36764705882352944 0.32943925233644855 0.33660130718954256 0.3317757009345794 0.3186274509803922 0.3457943925233644 0.3088235294117647 0.3691588785046729 0.3120915032679739 0.43224299065420557 0.33496732026143794 0.4649532710280373
0 0.07516339869281047 0.48831775700934577 0.08333333333333333 0.5233644859813084 0.08169934640522876 0.5116822429906541 0.09313725490196079 0.514018691588785 0.1111111111111111 0.49999999999999994 0.10784313725490197 0.47196261682242985 0.08169934640522876 0.44626168224299056 0.07189542483660132 0.42056074766355134 0.04575163398692811 0.44158878504672894 0.04411764705882353 0.44626168224299056 0.07516339869281047 0.48831775700934577
0 0.48856209150326796 0.11214953271028037 0.5016339869281046 0.1191588785046729 0.5604575163398693 0.12383177570093457 0.6127450980392157 0.08878504672897194 0.6437908496732027 0.037383177570093455 0.6486928104575164 0 0.49509803921568635 0 0.46732026143790856 0.035046728971962614 0.4722222222222222 0.08411214953271028 0.48856209150326796 0.11214953271028037
0 0.5375816993464052 0.43925233644859807 0.5441176470588235 0.49766355140186913 0.5326797385620915 0.6074766355140186 0.5457516339869282 0.6238317757009345 0.5947712418300654 0.6261682242990654 0.5866013071895425 0.5794392523364486 0.5898692810457516 0.5350467289719626 0.6045751633986929 0.48831775700934577 0.6258169934640523 0.4532710280373831 0.6584967320261439 0.43691588785046725 0.6830065359477124 0.43691588785046725 0.7156862745098039 0.4509345794392523 0.6895424836601307 0.3738317757009345 0.6503267973856209 0.3364485981308411 0.6143790849673203 0.33411214953271023 0.5604575163398693 0.3598130841121495 0.5441176470588235 0.3714953271028037 0.5277777777777778 0.397196261682243 0.5261437908496732 0.41121495327102797 0.5375816993464052 0.43925233644859807
0 0 0.6915887850467288 0.0392156862745098 0.6705607476635513 0.06209150326797386 0.6378504672897195 0.08006535947712419 0.5467289719626167 0.08006535947712419 0.5163551401869159 0.06209150326797386 0.46962616822429903 0.04084967320261438 0.4485981308411215 0.00980392156862745 0.43925233644859807 0 0.43925233644859807 0 0.6915887850467288
0 0.704248366013072 0.3995327102803738 0.7238562091503269 0.4345794392523364 0.7679738562091504 0.47429906542056066 0.7973856209150327 0.483644859813084 0.8300653594771242 0.483644859813084 0.8643790849673203 0.46962616822429903 0.900326797385621 0.4345794392523364 0.9264705882352942 0.37850467289719625 0.9346405228758171 0.2616822429906542 0.9313725490196079 0.1939252336448598 0.8839869281045752 0.07710280373831775 0.8627450980392157 0.037383177570093455 0.84640522875817 0.025700934579439248 0.8055555555555556 0.023364485981308407 0.75 0.06775700934579439 0.6830065359477124 0.20327102803738317 0.6732026143790851 0.23598130841121492 0.6732026143790851 0.30140186915887845 0.704248366013072 0.3995327102803738
0 0 0.049065420560747655 0.10294117647058824 0.009345794392523364 0.10294117647058824 0 0.004901960784313725 0 0 0.002336448598130841 0 0.049065420560747655
0 0.8790849673202615 0.52803738317757 0.9101307189542484 0.5537383177570093 0.9509803921568628 0.5467289719626167 0.9771241830065359 0.5070093457943925 0.9754901960784315 0.4929906542056074 0.9575163398692811 0.4626168224299065 0.9526143790849674 0.43691588785046725 0.9362745098039217 0.4042056074766355 0.9248366013071896 0.40654205607476634 0.8954248366013073 0.4485981308411215 0.869281045751634 0.47196261682242985 0.869281045751634 0.5023364485981308 0.8790849673202615 0.52803738317757
0 0.06372549019607844 0.997663551401869 0.05392156862745098 0.967289719626168 0.04084967320261438 0.9556074766355139 0.0016339869281045752 0.9602803738317756 0 0.997663551401869 0.06372549019607844 0.997663551401869
0 0.5980392156862746 0.6121495327102804 0.6421568627450981 0.6682242990654205 0.6715686274509804 0.7242990654205607 0.6960784313725491 0.7313084112149532 0.7271241830065359 0.7079439252336448 0.7598039215686275 0.6612149532710279 0.7663398692810458 0.6214953271028036 0.7598039215686275 0.5560747663551401 0.7140522875816994 0.45560747663551393 0.6813725490196079 0.43925233644859807 0.6323529411764706 0.4509345794392523 0.607843137254902 0.48598130841121495 0.5915032679738563 0.5373831775700934 0.5898692810457516 0.5771028037383177 0.5980392156862746 0.6121495327102804
0 0.41339869281045755 0.8341121495327102 0.43137254901960786 0.8574766355140185 0.46895424836601307 0.8644859813084111 0.4607843137254902 0.8200934579439251 0.46732026143790856 0.747663551401869 0.4362745098039216 0.764018691588785 0.39705882352941174 0.7616822429906541 0.39869281045751637 0.7897196261682242 0.41339869281045755 0.8341121495327102
0 0.28104575163398693 0.2593457943925233 0.28594771241830064 0.2920560747663551 0.2990196078431373 0.32476635514018687 0.31699346405228757 0.3387850467289719 0.3382352941176471 0.32710280373831774 0.3643790849673203 0.32476635514018687 0.39705882352941174 0.35280373831775697 0.40686274509803927 0.35280373831775697 0.43954248366013077 0.3177570093457944 0.46568627450980393 0.27102803738317754 0.47875816993464054 0.2172897196261682 0.4803921568627451 0.14953271028037382 0.4705882352941177 0.10046728971962615 0.4575163398692811 0.07476635514018691 0.434640522875817 0.06074766355140187 0.39705882352941174 0.056074766355140186 0.37254901960784315 0.06775700934579439 0.34477124183006536 0.09345794392523363 0.3055555555555556 0.1542056074766355 0.28758169934640526 0.19626168224299062 0.28104575163398693 0.22429906542056074 0.28104575163398693 0.2593457943925233
0 0.9591503267973857 0.46028037383177567 0.9950980392156864 0.5046728971962616 0.996732026143791 0.13551401869158877 0.9754901960784315 0.1425233644859813 0.9558823529411766 0.16355140186915887 0.9444444444444444 0.1985981308411215 0.9395424836601308 0.24299065420560748 0.9411764705882354 0.3948598130841121 0.9591503267973857 0.46028037383177567
0 0.42483660130718953 0.9205607476635513 0.49509803921568635 0.9719626168224299 0.46732026143790856 0.8644859813084111 0.41830065359477125 0.8621495327102804 0.380718954248366 0.8831775700934579 0.3823529411764706 0.9042056074766355 0.42483660130718953 0.9205607476635513
0 0.4558823529411765 0.3037383177570093 0.46732026143790856 0.33411214953271023 0.4983660130718955 0.35747663551401865 0.542483660130719 0.35747663551401865 0.5849673202614379 0.3457943925233644 0.6258169934640523 0.3177570093457944 0.6356209150326798 0.2850467289719626 0.6339869281045751 0.24766355140186913 0.6241830065359478 0.2126168224299065 0.5915032679738563 0.1588785046728972 0.5490196078431373 0.13551401869158877 0.4983660130718955 0.1378504672897196 0.4852941176470588 0.14953271028037382 0.4820261437908497 0.22429906542056074 0.4558823529411765 0.3037383177570093
0 0.4722222222222222 0.8738317757009345 0.4836601307189543 0.9228971962616822 0.5098039215686275 0.9929906542056074 0.565359477124183 0.9953271028037383 0.5849673202614379 0.9883177570093458 0.5947712418300654 0.9953271028037383 0.6307189542483661 0.997663551401869 0.7058823529411765 0.9953271028037383 0.7091503267973857 0.9462616822429906 0.7026143790849674 0.8855140186915887 0.69281045751634 0.8621495327102804 0.6666666666666666 0.7453271028037383 0.6454248366013071 0.6822429906542056 0.6274509803921569 0.6565420560747662 0.6045751633986929 0.6378504672897195 0.5816993464052288 0.630841121495327 0.5245098039215687 0.6378504672897195 0.4934640522875817 0.6728971962616822 0.47875816993464054 0.7009345794392523 0.4705882352941177 0.7359813084112149 0.46732026143790856 0.8200934579439251 0.4722222222222222 0.8738317757009345
0 0.6944444444444444 0.8574766355140185 0.7058823529411765 0.8831775700934579 0.7173202614379085 0.9626168224299064 0.7532679738562092 0.9626168224299064 0.800653594771242 0.9135514018691587 0.8088235294117647 0.8831775700934579 0.8071895424836603 0.8271028037383177 0.7892156862745098 0.7803738317757009 0.7532679738562092 0.747663551401869 0.7254901960784315 0.7359813084112149 0.7091503267973857 0.7359813084112149 0.6846405228758171 0.7593457943925233 0.6797385620915034 0.77803738317757 0.6944444444444444 0.8574766355140185