0 0.7859477124183007 0.14950980392156865 0.8137254901960785 0.19852941176470587 0.857843137254902 0.25490196078431376 0.9019607843137256 0.2990196078431373 0.9509803921568628 0.3357843137254902 0.9771241830065359 0.34068627450980393 0.9950980392156864 0.3284313725490196 0.9983660130718954 0.06862745098039216 0.9836601307189544 0.049019607843137254 0.9215686274509804 0 0.7973856209150327 0 0.7843137254901962 0.01715686274509804 0.7728758169934641 0.05882352941176471 0.7728758169934641 0.09803921568627451 0.7859477124183007 0.14950980392156865
0 0.3545751633986928 0.6666666666666666 0.39869281045751637 0.7230392156862746 0.423202614379085 0.7401960784313725 0.4820261437908497 0.7475490196078431 0.5065359477124184 0.7377450980392156 0.5784313725490197 0.6642156862745098 0.5947712418300654 0.6176470588235294 0.5996732026143791 0.5490196078431373 0.5849673202614379 0.4436274509803922 0.573529411764706 0.40686274509803927 0.5408496732026143 0.35049019607843135 0.48856209150326796 0.3137254901960784 0.4624183006535948 0.3112745098039216 0.43137254901960786 0.32107843137254904 0.423202614379085 0.3382352941176471 0.37745098039215685 0.3897058823529412 0.3513071895424837 0.44607843137254904 0.3382352941176471 0.4926470588235294 0.3382352941176471 0.5784313725490196 0.3545751633986928 0.6666666666666666
0 0.6552287581699346 0.13970588235294118 0.6584967320261439 0.19362745098039214 0.6715686274509804 0.22058823529411764 0.6895424836601307 0.2303921568627451 0.7483660130718954 0.22058823529411764 0.7728758169934641 0.19362745098039214 0.7794117647058825 0.15196078431372548 0.7663398692810458 0.11764705882352942 0.7630718954248367 0.05637254901960784 0.7859477124183007 0 0.7271241830065359 0 0.6981029411764706 0.00016421568627450982 0.6875653594771243 0.00016421568627450982 0.6715686274509804 0 0.6454248366013071 0 0.6372549019607844 0.024509803921568627 0.6356209150326798 0.0784313725490196 0.6552287581699346 0.13970588235294118
0 0.9869281045751634 0.049019607843137254 0.9983660130718954 0.04656862745098039 0.9983660130718954 0 0.9313725490196079 0 0.9869281045751634 0.049019607843137254
0 0.6781045751633987 0.4901960784313726 0.6879084967320261 0.4803921568627451 0.6911764705882354 0.4411764705882353 0.6601307189542484 0.3946078431372549 0.6388888888888888 0.3823529411764706 0.5996732026143791 0.3823529411764706 0.5767973856209151 0.39215686274509803 0.5996732026143791 0.517156862745098 0.6781045751633987 0.4901960784313726
0 0 0.18627450980392157 0.026143790849673203 0.2156862745098039 0.05882352941176471 0.22549019607843135 0.1111111111111111 0.22303921568627452 0.2058823529411765 0.18872549019607843 0.32516339869281047 0.10294117647058823 0.36601307189542487 0.05637254901960784 0.400326797385621 0.004901960784313725 0.004901960784313725 0 0 0.007352941176470589 0 0.18627450980392157
0 0.41339869281045755 0.07598039215686274 0.43954248366013077 0.10294117647058823 0.4526143790849673 0.1053921568627451 0.5179738562091504 0.05882352941176471 0.553921568627451 0.0024509803921568627 0.40686274509803927 0 0.380718954248366 0.04411764705882353 0.380718954248366 0.06372549019607844 0.41339869281045755 0.07598039215686274
0 0.13725490196078433 0.2426470588235294 0.15849673202614378 0.2769607843137255 0.16993464052287585 0.3186274509803922 0.18137254901960786 0.3235294117647059 0.19607843137254904 0.30147058823529416 0.2107843137254902 0.20343137254901963 0.20261437908496732 0.19852941176470587 0.13071895424836602 0.22303921568627452 0.12418300653594772 0.23284313725490197 0.13725490196078433 0.2426470588235294
0 0 0.3088235294117647 0.004901960784313725 0.2892156862745098 0.026143790849673203 0.2696078431372549 0.03431372549019608 0.25 0.03431372549019608 0.23774509803921567 0.006535947712418301 0.20588235294117646 0 0.20098039215686275 0 0.3088235294117647
0 0.954248366013072 0.8259803921568627 0.9738562091503269 0.8897058823529412 0.9983660130718954 0.9387254901960785 0.9983660130718954 0.5588235294117647 0.9852941176470589 0.5588235294117647 0.954248366013072 0.5808823529411765 0.9395424836601308 0.6029411764705883 0.9313725490196079 0.6299019607843137 0.9297385620915034 0.6764705882352942 0.954248366013072 0.8259803921568627
0 0.3055555555555556 0.9950980392156863 0.30065359477124187 0.9852941176470588 0.24836601307189543 0.9607843137254902 0.19281045751633988 0.8970588235294118 0.18137254901960786 0.8970588235294118 0.17156862745098042 0.9093137254901961 0.14379084967320263 0.9754901960784315 0.14052287581699346 0.9975490196078431 0.3055555555555556 0.9950980392156863
0 0.9787581699346406 0.5588235294117647 0.9983660130718954 0.5563725490196079 0.9950980392156864 0.49509803921568624 0.9836601307189544 0.47794117647058826 0.9689542483660132 0.5147058823529411 0.9313725490196079 0.5490196078431373 0.9379084967320261 0.5931372549019608 0.9787581699346406 0.5588235294117647
0 0 0.9656862745098039 0.022875816993464054 0.9975490196078431 0.08986928104575165 0.9975490196078431 0.09640522875816994 0.9950980392156863 0.13725490196078433 0.9264705882352942 0.1454248366013072 0.8823529411764706 0.1454248366013072 0.8186274509803921 0.13398692810457516 0.7647058823529412 0.1111111111111111 0.7058823529411765 0.08986928104575165 0.678921568627451 0.04411764705882353 0.6470588235294118 0 0.6397058823529412 0 0.9656862745098039
0 0.15032679738562094 0.7058823529411765 0.15849673202614378 0.8186274509803921 0.16666666666666666 0.8382352941176471 0.22712418300653597 0.9313725490196079 0.2532679738562092 0.9558823529411765 0.29411764705882354 0.9754901960784315 0.32679738562091504 0.9754901960784315 0.3741830065359477 0.946078431372549 0.39052287581699346 0.9166666666666666 0.4084967320261438 0.8480392156862746 0.411764705882353 0.7745098039215685 0.4019607843137255 0.7426470588235294 0.36601307189542487 0.7034313725490196 0.30065359477124187 0.5833333333333334 0.27941176470588236 0.5882352941176471 0.24019607843137256 0.6200980392156863 0.2254901960784314 0.6200980392156863 0.18954248366013074 0.5980392156862746 0.16339869281045752 0.553921568627451 0.14379084967320263 0.5759803921568627 0.1388888888888889 0.6372549019607844 0.15032679738562094 0.7058823529411765
0 0.6944444444444444 0.42647058823529416 0.7434640522875817 0.4926470588235294 0.7908496732026145 0.5196078431372549 0.8169934640522876 0.5441176470588235 0.8398692810457518 0.5563725490196079 0.8905228758169935 0.5563725490196079 0.9411764705882354 0.5318627450980392 0.9722222222222222 0.5 0.9738562091503269 0.4534313725490196 0.9624183006535949 0.4117647058823529 0.8954248366013073 0.3063725490196078 0.8790849673202615 0.2916666666666667 0.792483660130719 0.2450980392156863 0.7238562091503269 0.2303921568627451 0.6944444444444444 0.25490196078431376 0.6699346405228759 0.3088235294117647 0.6699346405228759 0.37009803921568624 0.6944444444444444 0.42647058823529416
0 0 0.6299019607843137 0.02124183006535948 0.6323529411764706 0.0392156862745098 0.6299019607843137 0.07679738562091504 0.6078431372549019 0.13398692810457516 0.5245098039215687 0.15032679738562094 0.4632352941176471 0.1454248366013072 0.4240196078431373 0.1519607843137255 0.39950980392156865 0.14705882352941177 0.3333333333333333 0.16176470588235295 0.3235294117647059 0.1650326797385621 0.3112745098039216 0.15359477124183007 0.27450980392156865 0.13562091503267976 0.24754901960784312 0.10457516339869281 0.23529411764705885 0.07189542483660132 0.2426470588235294 0.02450980392156863 0.2769607843137255 0.011437908496732027 0.29411764705882354 0 0.3161764705882353 0 0.6299019607843137
0 0.9901960784313727 0.48284313725490197 0.9983660130718954 0.49509803921568624 0.9983660130718954 0.4822303921568627 0.998264705882353 0.4775147058823529 1 0.4725224084265606 1 0.47067752782193967 0.9988839869281047 0.46868137254901965 0.9983660130718954 0.46936274509803927 0.9983660130718954 0.35355392156862747 0.992875816993464 0.3530392156862745 0.9787581699346406 0.38480392156862747 0.9754901960784315 0.42892156862745096 0.9852483660130719 0.4663578431372549 0.9861781045751635 0.47612009803921573 0.9901960784313727 0.48284313725490197
0 0.8366013071895425 0.7377450980392156 0.7826797385620915 0.8308823529411765 0.8055555555555556 0.9166666666666666 0.8300653594771242 0.9656862745098039 0.8643790849673203 0.9901960784313725 0.900326797385621 0.9901960784313725 0.9199346405228759 0.9779411764705883 0.9411764705882354 0.9509803921568627 0.9575163398692811 0.9117647058823529 0.9591503267973857 0.8946078431372549 0.9264705882352942 0.6813725490196079 0.9264705882352942 0.6225490196078431 0.9150326797385622 0.6102941176470588 0.8839869281045752 0.6029411764705883 0.8447712418300654 0.625 0.8447712418300654 0.7083333333333334 0.8366013071895425 0.7377450980392156
0 0.5898692810457516 0.6568627450980392 0.573529411764706 0.6862745098039217 0.573529411764706 0.7058823529411765 0.5882352941176471 0.7720588235294118 0.6160130718954249 0.8112745098039217 0.6862745098039217 0.8406862745098039 0.7173202614379085 0.8455882352941176 0.7450980392156863 0.8382352941176471 0.7973856209150327 0.7965686274509804 0.8316993464052288 0.7377450980392156 0.8415032679738563 0.6862745098039217 0.834967320261438 0.6102941176470588 0.8186274509803922 0.5637254901960784 0.7973856209150327 0.5367647058823529 0.7679738562091504 0.5196078431372549 0.69281045751634 0.5 0.6339869281045751 0.5098039215686275 0.6045751633986929 0.5294117647058824 0.6045751633986929 0.5980392156862746 0.5898692810457516 0.6568627450980392
0 0.434640522875817 0.9950980392156863 0.5898692810457516 0.9950980392156863 0.5915032679738563 0.9068627450980392 0.5816993464052288 0.7990196078431373 0.5686274509803921 0.7524509803921569 0.5473856209150327 0.7132352941176471 0.5098039215686275 0.7450980392156863 0.4526143790849673 0.7647058823529412 0.43137254901960786 0.8014705882352942 0.42647058823529416 0.8284313725490196 0.42483660130718953 0.9313725490196079 0.434640522875817 0.9950980392156863
0 0.834967320261438 0.9950980392156863 0.8104575163398693 0.9509803921568627 0.7908496732026145 0.8921568627450981 0.761437908496732 0.8627450980392156 0.6258169934640523 0.8406862745098039 0.6045751633986929 0.8431372549019608 0.5915032679738563 0.8578431372549019 0.5947712418300654 0.9975490196078431 0.834967320261438 0.9950980392156863
0 0.4820261437908497 0.2990196078431373 0.5604575163398693 0.3602941176470588 0.5833333333333334 0.3602941176470588 0.607843137254902 0.34558823529411764 0.6258169934640523 0.3137254901960784 0.6519607843137256 0.2181372549019608 0.6519607843137256 0.14950980392156865 0.6176470588235294 0.06127450980392157 0.6160130718954249 0.0392156862745098 0.6062091503267973 0.014705882352941178 0.5898692810457516 0 0.5620915032679739 0.0024509803921568627 0.4918300653594772 0.1053921568627451 0.47875816993464054 0.13725490196078433 0.4640522875816994 0.20588235294117646 0.46568627450980393 0.2622549019607843 0.4820261437908497 0.2990196078431373
0 0.16993464052287585 0.5220588235294118 0.17810457516339873 0.5661764705882353 0.19771241830065361 0.5980392156862746 0.22385620915032683 0.6127450980392156 0.24019607843137256 0.6102941176470588 0.303921568627451 0.5563725490196079 0.32189542483660133 0.5220588235294118 0.3545751633986928 0.4142156862745098 0.39869281045751637 0.3480392156862745 0.4215686274509804 0.27450980392156865 0.4428104575163399 0.22794117647058823 0.4558823529411765 0.16911764705882354 0.4444444444444444 0.12009803921568628 0.41339869281045755 0.08333333333333333 0.37581699346405234 0.07598039215686274 0.28758169934640526 0.13970588235294118 0.22712418300653597 0.19362745098039214 0.21568627450980393 0.2107843137254902 0.20915032679738563 0.23774509803921567 0.20261437908496732 0.30392156862745096 0.19281045751633988 0.3186274509803922 0.19934640522875818 0.3235294117647059 0.19771241830065361 0.3333333333333333 0.173202614379085 0.37009803921568624 0.16176470588235295 0.4166666666666667 0.15849673202614378 0.49509803921568624 0.16993464052287585 0.5220588235294118