0 0.44125000000000003 0.448 0.4675 0.474 0.48625 0.514 0.49375 0.5479999999999999 0.52 0.5339999999999999 0.5375000000000001 0.506 0.54625 0.486 0.5525 0.45 0.55125 0.422 0.5437500000000001 0.396 0.53625 0.38 0.51 0.354 0.48000000000000004 0.35 0.44375000000000003 0.37 0.43500000000000005 0.378 0.41250000000000003 0.42 0.41125000000000006 0.43999999999999995 0.44125000000000003 0.448
0 0.26375000000000004 0.414 0.28500000000000003 0.428 0.29875 0.446 0.31000000000000005 0.48 0.315 0.47800000000000004 0.31875000000000003 0.46 0.33375 0.428 0.33125000000000004 0.414 0.32125 0.396 0.30375 0.382 0.27125 0.382 0.24625000000000002 0.408 0.245 0.414 0.26375000000000004 0.414
0 0.3325 0.614 0.3425 0.66 0.36875 0.684 0.3875 0.6799999999999999 0.4025000000000001 0.65 0.42 0.6339999999999999 0.44250000000000006 0.63 0.45875 0.64 0.4650000000000001 0.638 0.48375000000000007 0.6020000000000001 0.49 0.572 0.48625 0.522 0.46625000000000005 0.47600000000000003 0.44250000000000006 0.452 0.41750000000000004 0.444 0.39000000000000007 0.446 0.365 0.462 0.3325 0.504 0.31875000000000003 0.542 0.31625000000000003 0.592 0.3325 0.614
0 0.67 0.7340000000000001 0.67125 0.764 0.6875 0.83 0.6925 0.836 0.71875 0.8380000000000001 0.74 0.83 0.7725000000000001 0.782 0.7800000000000001 0.742 0.7800000000000001 0.71 0.7662500000000001 0.674 0.73625 0.636 0.705 0.628 0.6725000000000001 0.628 0.63375 0.69 0.63375 0.698 0.67 0.7340000000000001
0 0.74375 0.638 0.7562500000000001 0.654 0.7825000000000001 0.7 0.8012500000000001 0.684 0.81 0.654 0.8012500000000001 0.614 0.7762500000000001 0.592 0.7475 0.604 0.72875 0.622 0.72875 0.63 0.74375 0.638
0 0.49750000000000005 0.696 0.5075000000000001 0.74 0.51875 0.736 0.5312500000000001 0.714 0.5587500000000001 0.696 0.55 0.668 0.5225000000000001 0.63 0.505 0.62 0.48375000000000007 0.618 0.47000000000000003 0.6339999999999999 0.46625000000000005 0.6479999999999999 0.49750000000000005 0.696
0 0.3175 0.508 0.33375 0.5 0.36875 0.45599999999999996 0.40625 0.43999999999999995 0.41125000000000006 0.414 0.395 0.40399999999999997 0.35625 0.41000000000000003 0.33875 0.422 0.32125 0.45599999999999996 0.31375000000000003 0.484 0.3175 0.508
0 0.1575 0.6339999999999999 0.1575 0.6439999999999999 0.2025 0.664 0.22625000000000003 0.668 0.23875 0.6160000000000001 0.25625000000000003 0.594 0.27875 0.5840000000000001 0.30874999999999997 0.588 0.31375000000000003 0.576 0.315 0.526 0.30375 0.464 0.29 0.438 0.26625000000000004 0.418 0.24375000000000002 0.418 0.23000000000000004 0.422 0.19875 0.446 0.1675 0.482 0.15000000000000002 0.518 0.13875 0.566 0.13875 0.614 0.1575 0.6339999999999999
0 0.6100000000000001 0.538 0.6200000000000001 0.578 0.6450000000000001 0.61 0.6775 0.622 0.7175000000000001 0.624 0.7475 0.596 0.7700000000000001 0.586 0.77875 0.564 0.7825000000000001 0.544 0.77875 0.496 0.75 0.41000000000000003 0.7312500000000001 0.378 0.7212500000000001 0.37 0.6799999999999999 0.36000000000000004 0.6412500000000001 0.362 0.615 0.39199999999999996 0.5962500000000001 0.452 0.5950000000000001 0.508 0.6100000000000001 0.538
0 0.55625 0.67 0.57125 0.67 0.58375 0.66 0.5950000000000001 0.642 0.61125 0.582 0.6100000000000001 0.5479999999999999 0.5962500000000001 0.516 0.5825 0.502 0.56625 0.498 0.5425 0.504 0.52125 0.538 0.51375 0.564 0.515 0.618 0.55625 0.67
0 0.23375 0.32 0.25125000000000003 0.39199999999999996 0.2775 0.378 0.29875 0.378 0.31625000000000003 0.38799999999999996 0.335 0.416 0.365 0.398 0.36625 0.372 0.36000000000000004 0.348 0.35875000000000007 0.318 0.36750000000000005 0.26599999999999996 0.34500000000000003 0.236 0.31625000000000003 0.21999999999999997 0.29125 0.21999999999999997 0.2625 0.236 0.24875000000000003 0.262 0.23875 0.27 0.23375 0.278 0.23375 0.32
0 0.40875 0.7939999999999999 0.42125000000000007 0.8119999999999999 0.46875 0.83 0.48375000000000007 0.826 0.4912500000000001 0.814 0.505 0.75 0.50375 0.726 0.48500000000000004 0.678 0.45625000000000004 0.64 0.4337500000000001 0.6339999999999999 0.41125000000000006 0.6439999999999999 0.395 0.668 0.38500000000000006 0.7060000000000001 0.38625000000000004 0.742 0.40875 0.7939999999999999
0 0.52 0.874 0.52875 0.92 0.54 0.9380000000000001 0.55625 0.9359999999999999 0.60875 0.958 0.6375000000000001 0.9299999999999999 0.67125 0.928 0.68125 0.888 0.68375 0.822 0.6762500000000001 0.788 0.66625 0.764 0.6412500000000001 0.726 0.6375000000000001 0.71 0.61875 0.6920000000000001 0.5950000000000001 0.69 0.5625000000000001 0.698 0.535 0.714 0.5125000000000001 0.746 0.5125000000000001 0.758 0.49375 0.816 0.49250000000000005 0.8380000000000001 0.52 0.874
0 0.37625000000000003 0.38799999999999996 0.38375 0.398 0.41375 0.40399999999999997 0.4375 0.372 0.47625 0.348 0.51375 0.35 0.52625 0.32 0.55625 0.278 0.555 0.222 0.54 0.186 0.515 0.166 0.48875 0.16199999999999998 0.44875000000000004 0.174 0.39625 0.216 0.37625000000000003 0.252 0.36375 0.3 0.36250000000000004 0.34600000000000003 0.37625000000000003 0.38799999999999996
0 0.58125 0.6659999999999999 0.56125 0.678 0.5637500000000001 0.6920000000000001 0.59125 0.6859999999999999 0.63 0.6920000000000001 0.66 0.642 0.66 0.624 0.6125 0.6 0.5925 0.65 0.58125 0.6659999999999999
0 0.49 0.158 0.52125 0.166 0.53625 0.178 0.55125 0.20199999999999999 0.5575 0.224 0.56 0.26 0.5650000000000001 0.258 0.57125 0.23800000000000002 0.57125 0.158 0.56625 0.144 0.5650000000000001 0.12 0.54625 0.088 0.53 0.074 0.51125 0.06999999999999999 0.48875 0.08 0.43500000000000005 0.158 0.43625 0.174 0.49 0.158
0 0.23625000000000002 0.714 0.2475 0.726 0.30375 0.724 0.33125000000000004 0.71 0.335 0.7 0.3375 0.6579999999999999 0.33375 0.64 0.32625 0.6160000000000001 0.31125 0.594 0.29750000000000004 0.588 0.26375000000000004 0.592 0.24000000000000002 0.618 0.23250000000000004 0.65 0.23250000000000004 0.698 0.23625000000000002 0.714
0 0.54125 0.384 0.55125 0.41000000000000003 0.555 0.43 0.5525 0.484 0.57125 0.49200000000000005 0.58875 0.484 0.6000000000000001 0.422 0.61875 0.382 0.63875 0.36000000000000004 0.675 0.356 0.6787500000000001 0.348 0.67375 0.316 0.6637500000000001 0.29200000000000004 0.6325000000000001 0.26 0.6125 0.25 0.58625 0.258 0.55125 0.29 0.53 0.32 0.52 0.34400000000000003 0.52 0.35800000000000004 0.54125 0.384
0 0.06125 0.462 0.08125 0.498 0.10125 0.502 0.14250000000000002 0.498 0.24625000000000002 0.40199999999999997 0.24000000000000002 0.348 0.23500000000000001 0.33999999999999997 0.23000000000000004 0.33999999999999997 0.21125000000000002 0.394 0.17875 0.41200000000000003 0.15625 0.382 0.14375000000000002 0.33999999999999997 0.12125000000000001 0.33 0.09750000000000002 0.332 0.08125 0.34400000000000003 0.06875 0.36000000000000004 0.06125 0.38799999999999996 0.05625 0.416 0.06125 0.462