0 0.17002237136465326 0.9977628635346756 0.2237136465324385 0.9977628635346756 0.21700223713646535 0.9642058165548099 0.2214765100671141 0.9418344519015661 0.2684563758389262 0.8814317673378077 0.23266219239373603 0.8836689038031321 0.21252796420581657 0.9127516778523491 0.18791946308724833 0.9306487695749441 0.13870246085011187 0.935123042505593 0.14093959731543626 0.9619686800894854 0.17002237136465326 0.9977628635346756
0 0.7225950782997763 0.18568232662192394 0.756152125279642 0.23266219239373603 0.7986577181208054 0.25279642058165547 0.8299776286353469 0.2505592841163311 0.8523489932885907 0.23489932885906042 0.865771812080537 0.18568232662192394 0.8612975391498883 0.15212527964205816 0.8434004474272931 0.11633109619686802 0.8232662192393737 0.09395973154362416 0.8053691275167786 0.08277404921700224 0.7695749440715884 0.08277404921700224 0.7427293064876958 0.10514541387024609 0.7315436241610739 0.1297539149888143 0.7225950782997763 0.15659955257270694 0.7225950782997763 0.18568232662192394
0 0.0738255033557047 0.7404921700223714 0.10290827740492171 0.7695749440715884 0.1319910514541387 0.7807606263982103 0.2214765100671141 0.7628635346756153 0.2751677852348993 0.7002237136465325 0.2706935123042506 0.6845637583892618 0.23266219239373603 0.6420581655480985 0.2259507829977629 0.610738255033557 0.18568232662192394 0.6017897091722595 0.11856823266219241 0.6152125279642058 0.08501118568232663 0.6465324384787472 0.06711409395973154 0.6845637583892618 0.05816554809843401 0.7158836689038032 0.0738255033557047 0.7404921700223714
0 0.5704697986577182 0.04697986577181208 0.6017897091722595 0.09395973154362416 0.6152125279642058 0.10290827740492171 0.6465324384787472 0.05816554809843401 0.6487695749440716 0.024608501118568233 0.6375838926174496 0 0.4608970917225951 0.0037516778523489936 0.4524563758389262 0.015004474272930649 0.4777762863534676 0.05251230425055928 0.4974675615212528 0.04219910514541387 0.5321633109619688 0.030006711409395974 0.5704697986577182 0.04697986577181208
0 0.24608501118568232 0.8411633109619687 0.26174496644295303 0.8612975391498883 0.2841163310961969 0.8724832214765101 0.3288590604026846 0.8791946308724833 0.38031319910514544 0.8747203579418346 0.4161073825503356 0.8568232662192394 0.4429530201342282 0.8210290827740493 0.44071588366890385 0.7874720357941835 0.4138702460850112 0.7516778523489933 0.31543624161073824 0.7114093959731543 0.28635346756152125 0.70917225950783 0.2706935123042506 0.7158836689038032 0.23266219239373603 0.7539149888143177 0.23042505592841167 0.7919463087248323 0.24608501118568232 0.8411633109619687
0 0.5190156599552572 0.47874720357941836 0.5816554809843401 0.5123042505592841 0.6353467561521252 0.5145413870246085 0.668903803131991 0.4988814317673378 0.6845637583892618 0.4586129753914989 0.6845637583892618 0.4295302013422819 0.6666666666666666 0.3847874720357942 0.6375838926174496 0.3579418344519016 0.6174496644295302 0.348993288590604 0.6017897091722595 0.3579418344519016 0.5324384787472036 0.3713646532438479 0.47874720357941836 0.3668903803131991 0.47874720357941836 0.42058165548098436 0.5190156599552572 0.47874720357941836
0 0.07158836689038031 0.3534675615212528 0.10290827740492171 0.3691275167785235 0.1946308724832215 0.37583892617449666 0.23489932885906042 0.35123042505592844 0.2595078299776286 0.3131991051454139 0.2595078299776286 0.29082774049217003 0.24608501118568232 0.2595078299776286 0.20357941834451904 0.21923937360178972 0.14541387024608501 0.1923937360178971 0.08501118568232663 0.20134228187919465 0.040268456375838924 0.2639821029082774 0.042505592841163314 0.3176733780760626 0.07158836689038031 0.3534675615212528
0 0.5167785234899329 0.5309463087248323 0.5257270693512305 0.5346756152125279 0.5167785234899329 0.5436241610738255 0.5212527964205816 0.5458612975391499 0.5480984340044743 0.5033557046979866 0.5145413870246085 0.476510067114094 0.5078299776286354 0.4809843400447427 0.5167785234899329 0.5309463087248323
0 0.756152125279642 0.83668903803132 0.7829977628635347 0.8590604026845639 0.8411633109619687 0.8612975391498883 0.865771812080537 0.83668903803132 0.8970917225950784 0.7807606263982103 0.9038031319910516 0.7293064876957495 0.8859060402684564 0.7069351230425056 0.8612975391498883 0.6957494407158836 0.8165548098434005 0.697986577181208 0.7829977628635347 0.727069351230425 0.756152125279642 0.7829977628635347 0.756152125279642 0.83668903803132
0 0.610738255033557 0.7472035794183446 0.6017897091722595 0.7360178970917226 0.610738255033557 0.7326621923937361 0.6129753914988814 0.7046979865771812 0.6040268456375839 0.697986577181208 0.5727069351230425 0.697986577181208 0.5659955257270693 0.7046979865771812 0.610738255033557 0.7472035794183446
0 0.6778523489932886 0.21700223713646535 0.6778523489932886 0.20357941834451904 0.6510067114093959 0.1789709172259508 0.6219239373601789 0.16331096196868009 0.610738255033557 0.16778523489932887 0.5995525727069351 0.18791946308724833 0.6778523489932886 0.21700223713646535
0 0.2214765100671141 0.42505592841163314 0.26174496644295303 0.4496644295302014 0.2975391498881432 0.45637583892617456 0.3176733780760626 0.45637583892617456 0.34451901565995524 0.4429530201342282 0.3668903803131991 0.40492170022371365 0.3668903803131991 0.3870246085011186 0.32662192393736017 0.3534675615212528 0.2953020134228188 0.31096196868008946 0.2639821029082774 0.3131991051454139 0.2483221476510067 0.34451901565995524 0.20357941834451904 0.378076062639821 0.20581655480984343 0.40492170022371365 0.2214765100671141 0.42505592841163314
0 0.055928411633109625 0.6040268456375839 0.08053691275167785 0.6152125279642058 0.10067114093959732 0.6152125279642058 0.13870246085011187 0.6017897091722595 0.14093959731543626 0.5973154362416108 0.10738255033557048 0.5794183445190156 0.09172259507829977 0.5592841163310962 0.09172259507829977 0.5055928411633109 0.10290827740492171 0.476510067114094 0.06487695749440715 0.4854586129753915 0.03131991051454139 0.5190156599552572 0.029082774049217004 0.5592841163310962 0.055928411633109625 0.6040268456375839
0 0.15659955257270694 0.01342281879194631 0.18344519015659955 0.049217002237136466 0.21476510067114096 0.040268456375838924 0.2550335570469799 0.040268456375838924 0.3087248322147651 0.060402684563758385 0.3333333333333333 0.08053691275167785 0.34675615212527966 0.060402684563758385 0.348993288590604 0.03803131991051454 0.34451901565995524 0.017897091722595078 0.33109619686800895 0 0.15659955257270694 0 0.15659955257270694 0.01342281879194631
0 0.1342281879194631 0.5906040268456376 0.16778523489932887 0.5928411633109619 0.2080536912751678 0.5749440715883669 0.24384787472035793 0.5458612975391499 0.2684563758389262 0.5100671140939598 0.2706935123042506 0.4809843400447427 0.25727069351230425 0.4519015659955258 0.23266219239373603 0.4340044742729307 0.2080536912751678 0.42505592841163314 0.1767337807606264 0.42505592841163314 0.12751677852348994 0.4519015659955258 0.10738255033557048 0.47427293064876963 0.09619686800894856 0.5011185682326622 0.09843400447427293 0.5659955257270693 0.1342281879194631 0.5906040268456376
0 0.4966442953020134 0.36241610738255037 0.5346756152125279 0.3668903803131991 0.6017897091722595 0.3534675615212528 0.6577181208053692 0.3176733780760626 0.680089485458613 0.2841163310961969 0.6845637583892618 0.23489932885906042 0.6778523489932886 0.21476510067114096 0.6510067114093959 0.21252796420581657 0.6196868008948546 0.1946308724832215 0.5436241610738255 0.1923937360178971 0.494407158836689 0.21029082774049218 0.45413870246085014 0.25279642058165547 0.4586129753914989 0.33109619686800895 0.4966442953020134 0.36241610738255037
0 0.35123042505592844 0.04697986577181208 0.39149888143176736 0.03355704697986577 0.4317673378076063 0.040268456375838924 0.4317673378076063 0.02237136465324385 0.41163310961968685 0 0.3400447427293065 0 0.35123042505592844 0.04697986577181208
0 0.6129753914988814 0.6957494407158836 0.6420581655480985 0.6666666666666666 0.5771812080536913 0.6510067114093959 0.5727069351230425 0.6621923937360179 0.6129753914988814 0.6957494407158836
0 0.2505592841163311 0.2595078299776286 0.2684563758389262 0.3042505592841163 0.29977628635346754 0.3064876957494407 0.3064876957494407 0.2684563758389262 0.319910514541387 0.24161073825503354 0.33557046979865773 0.2237136465324385 0.36017897091722595 0.21252796420581657 0.36017897091722595 0.20357941834451904 0.33557046979865773 0.16554809843400448 0.3064876957494407 0.19686800894854586 0.2796420581655481 0.21252796420581657 0.2214765100671141 0.21476510067114096 0.21923937360178972 0.22818791946308728 0.2505592841163311 0.2595078299776286
0 0.060402684563758385 0.2259507829977629 0.0894854586129754 0.1946308724832215 0.13870246085011187 0.18791946308724833 0.18120805369127518 0.19910514541387025 0.14317673378076062 0.11409395973154364 0.12527964205816555 0.10067114093959732 0.09619686800894856 0.09843400447427293 0.07829977628635347 0.10738255033557048 0.055928411633109625 0.12527964205816555 0.0447427293064877 0.15212527964205816 0.042505592841163314 0.22818791946308728 0.060402684563758385 0.2259507829977629
0 0.7941834451901566 0.6062639821029082 0.8232662192393737 0.6219239373601789 0.8568232662192394 0.6219239373601789 0.8791946308724833 0.6062639821029082 0.8926174496644296 0.5838926174496645 0.8926174496644296 0.5548098434004475 0.8635346756152126 0.5011185682326622 0.8277404921700224 0.49217002237136465 0.7740492170022372 0.5145413870246085 0.7695749440715884 0.5391498881431768 0.7941834451901566 0.6062639821029082
0 0.7293064876957495 0.05816554809843401 0.7427293064876958 0.09619686800894856 0.7695749440715884 0.08053691275167785 0.807606263982103 0.07829977628635347 0.8053691275167786 0.05369127516778524 0.7874720357941835 0.03131991051454139 0.7583892617449665 0.020134228187919462 0.7158836689038032 0.029082774049217004 0.7046979865771812 0.042505592841163314 0.7293064876957495 0.05816554809843401
0 0.778523489932886 0.6733780760626398 0.7852348993288591 0.7002237136465325 0.8434004474272931 0.6912751677852349 0.8501118568232663 0.6845637583892618 0.8523489932885907 0.6577181208053692 0.8389261744966444 0.6263982102908278 0.8120805369127517 0.6219239373601789 0.7852348993288591 0.6017897091722595 0.7606263982102909 0.6263982102908278 0.756152125279642 0.639821029082774 0.778523489932886 0.6733780760626398
0 0.2505592841163311 0.6599552572706935 0.27293064876957496 0.680089485458613 0.3064876957494407 0.6890380313199105 0.33109619686800895 0.6823266219239373 0.3691275167785235 0.6487695749440716 0.389261744966443 0.6040268456375839 0.39597315436241615 0.5592841163310962 0.389261744966443 0.5302013422818792 0.3736017897091723 0.5100671140939598 0.34675615212527966 0.4899328859060403 0.319910514541387 0.4854586129753915 0.2953020134228188 0.494407158836689 0.2706935123042506 0.5145413870246085 0.23489932885906042 0.5727069351230425 0.23266219239373603 0.6196868008948546 0.2505592841163311 0.6599552572706935
0 0.5615212527964206 0.9977628635346756 0.5794183445190156 0.9821029082774049 0.5995525727069351 0.9395973154362417 0.6040268456375839 0.9038031319910516 0.5973154362416108 0.8702460850111857 0.563758389261745 0.8456375838926176 0.5167785234899329 0.8523489932885907 0.46979865771812085 0.8791946308724833 0.4272930648769575 0.9395973154362417 0.4272930648769575 0.9977628635346756 0.5615212527964206 0.9977628635346756
0 0.6085011185682326 0.8098434004474273 0.6331096196868009 0.8143176733780761 0.6375838926174496 0.8098434004474273 0.6152125279642058 0.7740492170022372 0.6152125279642058 0.8008948545861299 0.6085011185682326 0.8098434004474273
0 0.5906040268456376 0.7225950782997763 0.610738255033557 0.7516778523489933 0.6040268456375839 0.7404921700223714 0.610738255033557 0.7360178970917226 0.6129753914988814 0.7024608501118569 0.5727069351230425 0.697986577181208 0.5682326621923938 0.7046979865771812 0.5906040268456376 0.7225950782997763
0 0.11856823266219241 0.9217002237136467 0.14988814317673377 0.9306487695749441 0.1789709172259508 0.9306487695749441 0.20581655480984343 0.9149888143176734 0.22818791946308728 0.8769574944071589 0.23937360178970918 0.8411633109619687 0.2259507829977629 0.7897091722595079 0.20581655480984343 0.7740492170022372 0.11856823266219241 0.7897091722595079 0.10067114093959732 0.8299776286353469 0.10067114093959732 0.8769574944071589 0.11856823266219241 0.9217002237136467
0 0.05145413870246086 0.4899328859060403 0.08277404921700224 0.47427293064876963 0.10290827740492171 0.47203579418344527 0.11856823266219241 0.45637583892617456 0.07829977628635347 0.44519015659955263 0.040268456375838924 0.42058165548098436 0.035794183445190156 0.42505592841163314 0.035794183445190156 0.4675615212527965 0.05145413870246086 0.4899328859060403
0 0.4295302013422819 0.7449664429530202 0.4675615212527965 0.7315436241610739 0.4966442953020134 0.70917225950783 0.5167785234899329 0.668903803131991 0.5167785234899329 0.6465324384787472 0.48769574944071586 0.5995525727069351 0.46979865771812085 0.5928411633109619 0.42505592841163314 0.5950782997762863 0.39597315436241615 0.6062639821029082 0.3713646532438479 0.6510067114093959 0.3400447427293065 0.680089485458613 0.34451901565995524 0.7203579418344519 0.4295302013422819 0.7449664429530202
0 0.7203579418344519 0.9373601789709173 0.7404921700223714 0.9463087248322148 0.7718120805369127 0.9463087248322148 0.8098434004474273 0.9194630872483223 0.8165548098434005 0.8903803131991053 0.8053691275167786 0.8680089485458614 0.7740492170022372 0.8612975391498883 0.7516778523489933 0.8389261744966444 0.7293064876957495 0.8434004474272931 0.7114093959731543 0.8612975391498883 0.7114093959731543 0.9284116331096198 0.7203579418344519 0.9373601789709173
0 0.3243847874720358 0.34451901565995524 0.3691275167785235 0.3825503355704698 0.389261744966443 0.39149888143176736 0.42505592841163314 0.39373601789709173 0.44519015659955263 0.389261744966443 0.46979865771812085 0.3713646532438479 0.47427293064876963 0.3579418344519016 0.4586129753914989 0.3378076062639821 0.447427293064877 0.3064876957494407 0.447427293064877 0.25279642058165547 0.41834451901566 0.23042505592841167 0.389261744966443 0.21923937360178972 0.34675615212527966 0.2214765100671141 0.3243847874720358 0.23937360178970918 0.3087248322147651 0.2706935123042506 0.3087248322147651 0.319910514541387 0.3243847874720358 0.34451901565995524
0 0.7293064876957495 0.4809843400447427 0.778523489932886 0.494407158836689 0.807606263982103 0.494407158836689 0.8702460850111857 0.4630872483221477 0.8859060402684564 0.44519015659955263 0.894854586129754 0.4161073825503356 0.8881431767337808 0.3870246085011186 0.8612975391498883 0.3579418344519016 0.8031319910514542 0.348993288590604 0.7740492170022372 0.35570469798657717 0.756152125279642 0.389261744966443 0.7337807606263982 0.41163310961968685 0.7046979865771812 0.4272930648769575 0.7114093959731543 0.4630872483221477 0.7293064876957495 0.4809843400447427
0 0.6778523489932886 0.5011185682326622 0.7651006711409396 0.5302013422818792 0.7628635346756153 0.4966442953020134 0.7002237136465325 0.4675615212527965 0.6890380313199105 0.46532438478747207 0.680089485458613 0.476510067114094 0.6733780760626398 0.494407158836689 0.6778523489932886 0.5011185682326622
0 0.06711409395973154 0.6711409395973155 0.10514541387024609 0.6241610738255033 0.10067114093959732 0.6196868008948546 0.09049217002237137 0.6198434004474273 0.08053691275167785 0.6196868008948546 0.0738255033557047 0.6219239373601789 0.06263982102908278 0.6331096196868009 0.06711409395973154 0.6711409395973155
0 0.2751677852348993 0.5011185682326622 0.319910514541387 0.47874720357941836 0.3176733780760626 0.4586129753914989 0.27293064876957496 0.4519015659955258 0.26174496644295303 0.4519015659955258 0.2751677852348993 0.5011185682326622
0 0.5413870246085012 0.6219239373601789 0.5704697986577182 0.6465324384787472 0.6017897091722595 0.6577181208053692 0.6621923937360179 0.6577181208053692 0.7225950782997763 0.6442953020134228 0.7472035794183446 0.6308724832214765 0.778523489932886 0.5950782997762863 0.778523489932886 0.5659955257270693 0.7583892617449665 0.5324384787472036 0.6823266219239373 0.5033557046979866 0.6152125279642058 0.5234899328859061 0.5548098434004475 0.5123042505592841 0.5257270693512305 0.5436241610738255 0.5234899328859061 0.5838926174496645 0.5413870246085012 0.6219239373601789
0 0.15659955257270694 0.14317673378076062 0.18344519015659955 0.1923937360178971 0.2080536912751678 0.2080536912751678 0.2841163310961969 0.2080536912751678 0.319910514541387 0.18344519015659955 0.3378076062639821 0.1476510067114094 0.3400447427293065 0.12080536912751677 0.32662192393736017 0.08053691275167785 0.29977628635346754 0.05816554809843401 0.2684563758389262 0.04697986577181208 0.21923937360178972 0.042505592841163314 0.19686800894854586 0.049217002237136466 0.1588366890380313 0.08053691275167785 0.15212527964205816 0.09619686800894856 0.14988814317673377 0.12080536912751677 0.15659955257270694 0.14317673378076062
0 0.03131991051454139 0.4026845637583893 0.05369127516778524 0.4272930648769575 0.08501118568232663 0.44519015659955263 0.12080536912751677 0.4496644295302014 0.19910514541387025 0.40939597315436244 0.1946308724832215 0.38031319910514544 0.1342281879194631 0.38031319910514544 0.10067114093959732 0.3713646532438479 0.07606263982102908 0.36017897091722595 0.035794183445190156 0.31543624161073824 0.02237136465324385 0.33557046979865773 0.020134228187919462 0.3668903803131991 0.03131991051454139 0.4026845637583893
0 0.5011185682326622 0.6085011185682326 0.5167785234899329 0.6442953020134228 0.5100671140939598 0.6890380313199105 0.5436241610738255 0.6957494407158836 0.5592841163310962 0.6733780760626398 0.5615212527964206 0.6442953020134228 0.5458612975391499 0.6331096196868009 0.5190156599552572 0.5883668903803132 0.476510067114094 0.5861297539149889 0.476510067114094 0.5928411633109619 0.5011185682326622 0.6085011185682326
0 0.5190156599552572 0.8478747203579419 0.5011185682326622 0.8322147651006712 0.47874720357941836 0.8344519015659956 0.47203579418344527 0.8434004474272931 0.46979865771812085 0.8724832214765101 0.5190156599552572 0.8478747203579419
0 0.3579418344519016 0.18568232662192394 0.38031319910514544 0.21252796420581657 0.4429530201342282 0.24161073825503354 0.4586129753914989 0.23937360178970918 0.48769574944071586 0.21029082774049218 0.4966442953020134 0.1789709172259508 0.4966442953020134 0.1588366890380313 0.4630872483221477 0.06711409395973154 0.4295302013422819 0.042505592841163314 0.3825503355704698 0.03803131991051454 0.36465324384787473 0.04697986577181208 0.3400447427293065 0.07829977628635347 0.34675615212527966 0.1588366890380313 0.3579418344519016 0.18568232662192394
0 0.7158836689038032 0.8389261744966444 0.7494407158836689 0.8344519015659956 0.7516778523489933 0.7829977628635347 0.697986577181208 0.8187919463087249 0.697986577181208 0.8277404921700224 0.7158836689038032 0.8389261744966444
0 0.44519015659955263 0.7874720357941835 0.46979865771812085 0.8098434004474273 0.5190156599552572 0.83668903803132 0.5771812080536913 0.8299776286353469 0.6040268456375839 0.8120805369127517 0.6129753914988814 0.796420581655481 0.6062639821029082 0.7472035794183446 0.5883668903803132 0.7225950782997763 0.5592841163310962 0.7046979865771812 0.5123042505592841 0.6957494407158836 0.4854586129753915 0.7248322147651007 0.4429530201342282 0.7494407158836689 0.43847874720357943 0.7718120805369127 0.44519015659955263 0.7874720357941835
0 0.5973154362416108 0.865771812080537 0.6040268456375839 0.8814317673378077 0.6040268456375839 0.9463087248322148 0.6375838926174496 0.959731543624161 0.6621923937360179 0.959731543624161 0.697986577181208 0.9395973154362417 0.7069351230425056 0.923937360178971 0.7069351230425056 0.8926174496644296 0.7002237136465325 0.8568232662192394 0.6868008948545862 0.8389261744966444 0.6263982102908278 0.8165548098434005 0.6085011185682326 0.8165548098434005 0.5771812080536913 0.83668903803132 0.5727069351230425 0.8456375838926176 0.5973154362416108 0.865771812080537
0 0.4429530201342282 0.5883668903803132 0.4340044742729307 0.563758389261745 0.4071588366890381 0.5615212527964206 0.39597315436241615 0.5794183445190156 0.39597315436241615 0.5995525727069351 0.4429530201342282 0.5883668903803132
0 0.6286353467561521 0.7941834451901566 0.6554809843400448 0.8165548098434005 0.6957494407158836 0.8187919463087249 0.7583892617449665 0.7695749440715884 0.7762863534675616 0.7337807606263982 0.7807606263982103 0.7024608501118569 0.7718120805369127 0.6666666666666666 0.7516778523489933 0.6420581655480985 0.7404921700223714 0.6420581655480985 0.7024608501118569 0.6577181208053692 0.6465324384787472 0.668903803131991 0.6152125279642058 0.70917225950783 0.6152125279642058 0.7628635346756153 0.6286353467561521 0.7941834451901566
0 0.3422818791946309 0.4809843400447427 0.3736017897091723 0.5033557046979866 0.4071588366890381 0.5548098434004475 0.4429530201342282 0.5592841163310962 0.46532438478747207 0.5704697986577182 0.4966442953020134 0.5682326621923938 0.5078299776286354 0.5548098434004475 0.5145413870246085 0.5346756152125279 0.5100671140939598 0.4899328859060403 0.4809843400447427 0.44519015659955263 0.43624161073825507 0.40939597315436244 0.4228187919463088 0.4026845637583893 0.3847874720357942 0.40492170022371365 0.3691275167785235 0.4161073825503356 0.34451901565995524 0.45413870246085014 0.348993288590604 0.46532438478747207 0.3422818791946309 0.4809843400447427
0 0.41834451901566 0.8568232662192394 0.36241610738255037 0.8836689038031321 0.41834451901566 0.9395973154362417 0.4675615212527965 0.8702460850111857 0.4675615212527965 0.8232662192393737 0.447427293064877 0.8120805369127517 0.44071588366890385 0.8322147651006712 0.41834451901566 0.8568232662192394
0 0.14541387024608501 0.10514541387024609 0.15659955257270694 0.07829977628635347 0.18120805369127518 0.05369127516778524 0.1610738255033557 0.029082774049217004 0.15436241610738255 0 0.12751677852348994 0 0.11185682326621925 0.020134228187919462 0.09843400447427293 0.055928411633109625 0.09619686800894856 0.0894854586129754 0.14541387024608501 0.10514541387024609
0 0.7203579418344519 0.2796420581655481 0.7404921700223714 0.28635346756152125 0.767337807606264 0.3131991051454139 0.7762863534675616 0.34451901565995524 0.8008948545861299 0.3333333333333333 0.8210290827740493 0.3087248322147651 0.8232662192393737 0.27740492170022374 0.8165548098434005 0.2595078299776286 0.778523489932886 0.2505592841163311 0.7472035794183446 0.23042505592841167 0.7002237136465325 0.23266219239373603 0.6912751677852349 0.23937360178970918 0.6868008948545862 0.25727069351230425 0.6845637583892618 0.28635346756152125 0.7203579418344519 0.2796420581655481
0 0.4966442953020134 0.14988814317673377 0.5145413870246085 0.17225950782997762 0.5525727069351231 0.18791946308724833 0.5906040268456376 0.18791946308724833 0.6062639821029082 0.1767337807606264 0.6152125279642058 0.15436241610738255 0.6129753914988814 0.12080536912751677 0.5727069351230425 0.05145413870246086 0.5346756152125279 0.03355704697986577 0.5100671140939598 0.035794183445190156 0.4809843400447427 0.06711409395973154 0.4854586129753915 0.11856823266219241 0.4966442953020134 0.14988814317673377
0 0.668903803131991 0.3847874720357942 0.6845637583892618 0.41834451901566 0.7024608501118569 0.42058165548098436 0.7472035794183446 0.39597315436241615 0.7651006711409396 0.36465324384787473 0.7718120805369127 0.33557046979865773 0.7651006711409396 0.3131991051454139 0.7427293064876958 0.29082774049217003 0.7203579418344519 0.2818791946308725 0.6845637583892618 0.28859060402684567 0.6442953020134228 0.3400447427293065 0.6420581655480985 0.35570469798657717 0.668903803131991 0.3847874720357942
0 0.6577181208053692 0.18120805369127518 0.680089485458613 0.18120805369127518 0.7158836689038032 0.15436241610738255 0.738255033557047 0.10961968680089486 0.738255033557047 0.08053691275167785 0.7158836689038032 0.05145413870246086 0.6756152125279642 0.04697986577181208 0.6420581655480985 0.07158836689038031 0.6196868008948546 0.10738255033557048 0.6219239373601789 0.1588366890380313 0.6577181208053692 0.18120805369127518
0 0.22818791946308728 0.9977628635346756 0.41834451901566 0.9977628635346756 0.42058165548098436 0.9910514541387024 0.4228187919463088 0.9686800894854586 0.4138702460850112 0.9395973154362417 0.3847874720357942 0.906040268456376 0.35123042505592844 0.8859060402684564 0.31096196868008946 0.8791946308724833 0.2706935123042506 0.8859060402684564 0.24161073825503354 0.9127516778523491 0.2237136465324385 0.9418344519015661 0.2214765100671141 0.9821029082774049 0.22818791946308728 0.9977628635346756