0 0.3341666666666666 0.2658333333333333 0.3466666666666666 0.28833333333333333 0.3625 0.3 0.37416666666666665 0.30166666666666664 0.38916666666666666 0.2866666666666666 0.4116666666666667 0.27166666666666667 0.43083333333333335 0.26416666666666666 0.4425 0.26249999999999996 0.47250000000000003 0.2675 0.495 0.27749999999999997 0.5291666666666667 0.29833333333333334 0.5366666666666666 0.29749999999999993 0.5383333333333333 0.2558333333333333 0.5299999999999999 0.2383333333333333 0.4833333333333333 0.19499999999999998 0.45666666666666667 0.18083333333333332 0.44833333333333336 0.18083333333333332 0.4166666666666667 0.17166666666666666 0.3833333333333333 0.1725 0.3725 0.175 0.35999999999999993 0.18083333333333332 0.3516666666666666 0.18833333333333332 0.33249999999999996 0.21416666666666664 0.33 0.22166666666666665 0.32916666666666666 0.2475 0.3341666666666666 0.2658333333333333
0 0.2233333333333333 0.4466666666666666 0.24166666666666664 0.4425 0.26666666666666666 0.4325 0.29666666666666663 0.4291666666666667 0.3433333333333333 0.43 0.38 0.4383333333333333 0.38583333333333336 0.4375 0.38666666666666666 0.4291666666666667 0.38 0.4091666666666666 0.37416666666666665 0.40249999999999997 0.37333333333333335 0.3875 0.3666666666666667 0.3625 0.3666666666666667 0.3358333333333333 0.3708333333333333 0.30666666666666664 0.3525 0.2991666666666667 0.32333333333333336 0.29833333333333334 0.29666666666666663 0.30916666666666665 0.2825 0.32 0.2708333333333333 0.33249999999999996 0.2575 0.355 0.24666666666666667 0.38666666666666666 0.22166666666666665 0.43166666666666664 0.22083333333333333 0.4425 0.2233333333333333 0.4466666666666666
0 0.7424999999999999 0.62 0.7441666666666665 0.6266666666666666 0.7583333333333333 0.6483333333333333 0.7958333333333334 0.6799999999999999 0.8174999999999999 0.6841666666666667 0.8274999999999999 0.6924999999999999 0.85 0.6975 0.8733333333333333 0.6966666666666667 0.9041666666666666 0.69 0.9366666666666666 0.6716666666666666 0.9516666666666667 0.6541666666666666 0.96 0.6483333333333333 0.9725 0.6258333333333334 0.9825 0.6 0.9866666666666667 0.5758333333333333 0.9816666666666666 0.5416666666666666 0.9508333333333333 0.5008333333333334 0.9358333333333333 0.4908333333333333 0.9158333333333333 0.48416666666666663 0.8608333333333333 0.4766666666666666 0.8266666666666667 0.48 0.8033333333333332 0.4958333333333333 0.7725 0.5116666666666666 0.7549999999999999 0.5291666666666667 0.7408333333333332 0.565 0.7391666666666666 0.5908333333333333 0.7424999999999999 0.62
0 0.67 0.20333333333333334 0.7091666666666667 0.22583333333333333 0.7383333333333333 0.24666666666666667 0.7475 0.24833333333333332 0.7549999999999999 0.24583333333333335 0.7791666666666666 0.24499999999999997 0.8066666666666665 0.25416666666666665 0.815 0.2525 0.8116666666666666 0.2275 0.8066666666666665 0.21333333333333332 0.7966666666666666 0.19749999999999998 0.7925 0.17916666666666664 0.7824999999999999 0.16166666666666668 0.7658333333333333 0.14666666666666667 0.74 0.13749999999999998 0.7166666666666666 0.13749999999999998 0.705 0.1425 0.6966666666666667 0.15 0.6783333333333332 0.15666666666666665 0.6625 0.17166666666666666 0.6625 0.17999999999999997 0.67 0.20333333333333334
0 0.14083333333333334 0.25333333333333335 0.21999999999999997 0.21416666666666664 0.24916666666666668 0.20833333333333334 0.29666666666666663 0.20666666666666667 0.32833333333333337 0.215 0.3425 0.19916666666666666 0.3541666666666667 0.17833333333333332 0.32749999999999996 0.15749999999999997 0.30166666666666664 0.14833333333333332 0.2683333333333333 0.14583333333333334 0.22416666666666668 0.15083333333333332 0.18833333333333332 0.1775 0.15749999999999997 0.20583333333333334 0.1433333333333333 0.235 0.13583333333333333 0.24416666666666664 0.13666666666666666 0.25416666666666665 0.14083333333333334 0.25333333333333335
0 0.19333333333333333 0.5499999999999999 0.2075 0.565 0.2175 0.5708333333333333 0.24583333333333335 0.5758333333333333 0.2725 0.5858333333333333 0.2791666666666667 0.585 0.2891666666666667 0.5908333333333333 0.3441666666666667 0.5916666666666667 0.37333333333333335 0.5858333333333333 0.4083333333333333 0.5725 0.41916666666666663 0.5716666666666667 0.4383333333333333 0.565 0.4458333333333333 0.5566666666666666 0.4475 0.5499999999999999 0.4458333333333333 0.5383333333333333 0.4141666666666666 0.49416666666666664 0.40249999999999997 0.45666666666666667 0.38249999999999995 0.4425 0.3433333333333333 0.4325 0.31 0.43083333333333335 0.2758333333333333 0.4333333333333333 0.21666666666666665 0.45249999999999996 0.19749999999999998 0.46749999999999997 0.1875 0.48583333333333334 0.1825 0.5016666666666667 0.18333333333333335 0.5299999999999999 0.19333333333333333 0.5499999999999999
0 0 0.5133333333333333 0.003333333333333333 0.5158333333333334 0.0075 0.5416666666666666 0.021666666666666664 0.5825 0.03916666666666666 0.6083333333333334 0.049166666666666664 0.6299999999999999 0.08083333333333334 0.6716666666666666 0.12166666666666666 0.71 0.13249999999999998 0.7166666666666666 0.13999999999999999 0.7166666666666666 0.14083333333333334 0.7083333333333334 0.13083333333333333 0.6841666666666667 0.13083333333333333 0.6441666666666666 0.135 0.6283333333333333 0.15166666666666664 0.6016666666666667 0.16 0.5933333333333333 0.17416666666666666 0.5816666666666667 0.20166666666666663 0.5675 0.18333333333333335 0.5433333333333333 0.17833333333333332 0.5325 0.1775 0.5058333333333332 0.18416666666666667 0.4833333333333333 0.19 0.4741666666666667 0.1875 0.46 0.17833333333333332 0.44416666666666665 0.13583333333333333 0.4075 0.09583333333333333 0.3966666666666666 0.07833333333333332 0.39499999999999996 0.03833333333333333 0.4075 0.024166666666666666 0.4141666666666666 0.015 0.42416666666666664 0 0.4466666666666666 0 0.5133333333333333
0 0.4041666666666667 0.16833333333333333 0.43583333333333335 0.17083333333333334 0.44416666666666665 0.16583333333333333 0.48 0.13166666666666665 0.49833333333333335 0.12083333333333332 0.5058333333333332 0.12 0.5233333333333333 0.11083333333333333 0.5458333333333333 0.1075 0.5949999999999999 0.11666666666666667 0.5983333333333334 0.11333333333333334 0.5983333333333334 0.10166666666666667 0.5833333333333334 0.07416666666666666 0.5741666666666666 0.06333333333333334 0.565 0.0575 0.5441666666666666 0.049999999999999996 0.5091666666666667 0.0525 0.4766666666666666 0.0625 0.43916666666666665 0.08333333333333333 0.4166666666666667 0.11083333333333333 0.3966666666666666 0.12916666666666665 0.37333333333333335 0.1625 0.3725 0.17166666666666666 0.4041666666666667 0.16833333333333333
0 0.545 0.31083333333333335 0.5499999999999999 0.3208333333333333 0.59 0.36416666666666664 0.615 0.3975 0.6258333333333334 0.4166666666666667 0.6375 0.44833333333333336 0.6558333333333333 0.4683333333333333 0.6649999999999999 0.47333333333333333 0.6833333333333333 0.4916666666666667 0.7116666666666667 0.5083333333333333 0.73 0.5133333333333333 0.7483333333333333 0.5141666666666667 0.7683333333333334 0.5083333333333333 0.8033333333333332 0.4875 0.8208333333333333 0.47250000000000003 0.8291666666666666 0.43583333333333335 0.83 0.415 0.8291666666666666 0.3983333333333333 0.8183333333333332 0.35 0.7999999999999999 0.31583333333333335 0.7875 0.29833333333333334 0.7641666666666667 0.2783333333333333 0.7266666666666667 0.24 0.6649999999999999 0.20416666666666666 0.6299999999999999 0.19666666666666666 0.6024999999999999 0.19916666666666666 0.5783333333333334 0.20916666666666667 0.5583333333333333 0.2275 0.545 0.25 0.5416666666666666 0.2658333333333333 0.5416666666666666 0.295 0.545 0.31083333333333335
0 0.08416666666666667 0.38999999999999996 0.105 0.3958333333333333 0.11583333333333333 0.3958333333333333 0.13833333333333334 0.40333333333333327 0.1825 0.4425 0.19583333333333333 0.45 0.20833333333333334 0.44916666666666666 0.21666666666666665 0.44083333333333335 0.21833333333333332 0.43083333333333335 0.24083333333333332 0.3933333333333333 0.255 0.355 0.27 0.33 0.2925 0.30916666666666665 0.32333333333333336 0.295 0.3333333333333333 0.29333333333333333 0.33749999999999997 0.2891666666666667 0.3258333333333333 0.24499999999999997 0.3258333333333333 0.21833333333333332 0.3175 0.21333333333333332 0.2941666666666667 0.20833333333333334 0.25416666666666665 0.21 0.2233333333333333 0.21916666666666665 0.21666666666666665 0.225 0.20333333333333334 0.22666666666666668 0.15083333333333332 0.25 0.13583333333333333 0.26 0.095 0.3033333333333333 0.08083333333333334 0.35083333333333333 0.08 0.38 0.08416666666666667 0.38999999999999996
0 0.5908333333333333 0.585 0.5941666666666667 0.5983333333333334 0.6141666666666666 0.6174999999999999 0.6291666666666667 0.6408333333333333 0.6716666666666666 0.6441666666666666 0.7016666666666667 0.6366666666666666 0.7116666666666667 0.6308333333333332 0.7208333333333333 0.62 0.735 0.5883333333333334 0.735 0.5666666666666667 0.7225 0.5425 0.7216666666666667 0.5316666666666666 0.7166666666666666 0.5216666666666666 0.6641666666666667 0.48416666666666663 0.66 0.48499999999999993 0.6366666666666666 0.46499999999999997 0.6333333333333333 0.4666666666666667 0.6283333333333333 0.5016666666666667 0.6174999999999999 0.5266666666666666 0.6116666666666667 0.5358333333333333 0.5808333333333333 0.5641666666666667 0.58 0.5683333333333332 0.5908333333333333 0.585
0 0.8925 0.39499999999999996 0.8908333333333333 0.425 0.8841666666666667 0.44833333333333336 0.8758333333333334 0.4633333333333333 0.8766666666666666 0.47333333333333333 0.9325 0.48583333333333334 0.9524999999999999 0.49916666666666665 0.9591666666666666 0.5008333333333334 0.9733333333333333 0.4875 0.9774999999999999 0.4791666666666667 0.9799999999999999 0.46166666666666667 0.9816666666666666 0.4291666666666667 0.9741666666666666 0.39499999999999996 0.9699999999999999 0.38666666666666666 0.955 0.3625 0.9233333333333333 0.3358333333333333 0.8916666666666666 0.33249999999999996 0.8799999999999999 0.3341666666666666 0.8758333333333334 0.3383333333333333 0.8841666666666667 0.3583333333333333 0.8925 0.39499999999999996
0 0.6191666666666668 0.7066666666666666 0.66 0.6975 0.6816666666666665 0.6975 0.7199999999999999 0.7075 0.7483333333333333 0.725 0.7641666666666667 0.74 0.7966666666666666 0.7858333333333333 0.8166666666666667 0.7791666666666666 0.8449999999999999 0.7625 0.8508333333333333 0.7583333333333333 0.855 0.75 0.855 0.7258333333333333 0.8416666666666666 0.7075 0.8141666666666666 0.6883333333333334 0.8049999999999999 0.6883333333333334 0.7941666666666666 0.6841666666666667 0.7824999999999999 0.6716666666666666 0.7533333333333333 0.6516666666666666 0.7424999999999999 0.6475 0.7133333333333333 0.6425 0.6808333333333333 0.645 0.6649999999999999 0.6491666666666667 0.6366666666666666 0.6475 0.6299999999999999 0.6525 0.6325000000000001 0.6649999999999999 0.6158333333333332 0.7008333333333333 0.615 0.7058333333333334 0.6191666666666668 0.7066666666666666
0 0.37833333333333335 0.38916666666666666 0.37749999999999995 0.3975 0.38583333333333336 0.41333333333333333 0.3925 0.4383333333333333 0.4125 0.46499999999999997 0.42166666666666663 0.495 0.435 0.5175 0.46249999999999997 0.5499999999999999 0.47583333333333333 0.5591666666666667 0.495 0.5675 0.515 0.5708333333333333 0.5458333333333333 0.5716666666666667 0.5783333333333334 0.5616666666666666 0.6091666666666666 0.535 0.6233333333333333 0.5083333333333333 0.6291666666666667 0.475 0.6266666666666666 0.44166666666666665 0.62 0.42 0.6124999999999999 0.40333333333333327 0.5958333333333333 0.37833333333333335 0.5258333333333334 0.30166666666666664 0.5083333333333333 0.28833333333333333 0.4833333333333333 0.27416666666666667 0.4641666666666666 0.2683333333333333 0.44166666666666665 0.2658333333333333 0.4258333333333333 0.26916666666666667 0.39499999999999996 0.28583333333333333 0.37916666666666665 0.3025 0.37 0.32749999999999996 0.36916666666666664 0.36166666666666664 0.37833333333333335 0.38916666666666666
0 0.3925 0.835 0.48 0.8466666666666667 0.5291666666666667 0.8483333333333333 0.5558333333333333 0.8466666666666667 0.565 0.8433333333333333 0.5641666666666667 0.8308333333333332 0.5549999999999999 0.7975 0.5375 0.7658333333333333 0.5116666666666666 0.7475 0.4791666666666667 0.7366666666666667 0.4375 0.73 0.4175 0.7325 0.40333333333333327 0.7391666666666666 0.3958333333333333 0.7441666666666665 0.3875 0.7558333333333332 0.375 0.7991666666666667 0.37333333333333335 0.8266666666666667 0.3925 0.835
0 0.335 0.6425 0.38 0.7033333333333333 0.4258333333333333 0.7225 0.47 0.73 0.5041666666666667 0.7391666666666666 0.5341666666666667 0.7408333333333332 0.5491666666666666 0.7383333333333333 0.5908333333333333 0.7233333333333333 0.6033333333333333 0.7133333333333333 0.6124999999999999 0.7008333333333333 0.625 0.6708333333333334 0.6241666666666666 0.6441666666666666 0.6091666666666666 0.6158333333333332 0.5783333333333334 0.5916666666666667 0.5375 0.5775 0.4958333333333333 0.5716666666666667 0.43166666666666664 0.5725 0.38666666666666666 0.5841666666666666 0.35999999999999993 0.5941666666666667 0.3383333333333333 0.6158333333333332 0.33166666666666667 0.6299999999999999 0.335 0.6425
0 0.57 0.8341666666666667 0.5775 0.8433333333333333 0.6124999999999999 0.8416666666666666 0.6891666666666666 0.8274999999999999 0.7616666666666666 0.8041666666666666 0.7791666666666666 0.7966666666666666 0.7908333333333333 0.7875 0.7833333333333333 0.7683333333333334 0.7625 0.7408333333333332 0.7483333333333333 0.7266666666666667 0.7183333333333333 0.7083333333333334 0.6783333333333332 0.6983333333333334 0.6425 0.7016666666666667 0.6124999999999999 0.7116666666666667 0.5858333333333333 0.7333333333333334 0.5708333333333333 0.7533333333333333 0.5625 0.775 0.5625 0.8116666666666666 0.57 0.8341666666666667
0 0.45666666666666667 0.17833333333333332 0.4875 0.19583333333333333 0.4975 0.20333333333333334 0.5133333333333333 0.22166666666666665 0.5283333333333333 0.23166666666666666 0.54 0.24499999999999997 0.5441666666666666 0.24416666666666664 0.5591666666666667 0.22166666666666665 0.5758333333333333 0.2075 0.5908333333333333 0.19999999999999998 0.6225 0.19333333333333333 0.6633333333333333 0.1983333333333333 0.6625 0.1875 0.6558333333333333 0.16833333333333333 0.6375 0.14833333333333332 0.605 0.1275 0.5975 0.12 0.5733333333333333 0.11333333333333334 0.5599999999999999 0.11333333333333334 0.5499999999999999 0.10999999999999999 0.5325 0.11083333333333333 0.4958333333333333 0.125 0.48499999999999993 0.13166666666666665 0.4475 0.1675 0.4458333333333333 0.1758333333333333 0.45666666666666667 0.17833333333333332
0 0.7908333333333333 0.29833333333333334 0.8066666666666665 0.32333333333333336 0.8225 0.35583333333333333 0.8316666666666666 0.4008333333333333 0.8333333333333334 0.42416666666666664 0.8266666666666667 0.4683333333333333 0.8325 0.4716666666666666 0.8433333333333333 0.47250000000000003 0.8691666666666665 0.4666666666666667 0.8808333333333332 0.4508333333333333 0.8875 0.4325 0.8908333333333333 0.3958333333333333 0.8741666666666666 0.3333333333333333 0.8624999999999999 0.30583333333333335 0.8424999999999999 0.2783333333333333 0.8200000000000001 0.2583333333333333 0.8049999999999999 0.2558333333333333 0.7833333333333333 0.2475 0.7483333333333333 0.2525 0.7508333333333334 0.2608333333333333 0.7908333333333333 0.29833333333333334
0 0.15833333333333333 0.7341666666666666 0.17166666666666666 0.7483333333333333 0.23666666666666666 0.7841666666666667 0.2816666666666667 0.8033333333333332 0.33749999999999997 0.8208333333333333 0.34833333333333333 0.8174999999999999 0.37 0.795 0.37666666666666665 0.7816666666666667 0.38166666666666665 0.7558333333333332 0.38166666666666665 0.7266666666666667 0.375 0.7058333333333334 0.35999999999999993 0.6833333333333333 0.3433333333333333 0.6641666666666667 0.32749999999999996 0.6366666666666666 0.30166666666666664 0.6124999999999999 0.2725 0.5908333333333333 0.25166666666666665 0.5808333333333333 0.2358333333333333 0.5766666666666667 0.20916666666666667 0.5733333333333333 0.19333333333333333 0.5766666666666667 0.17083333333333334 0.5883333333333334 0.15333333333333332 0.605 0.13916666666666666 0.6266666666666666 0.135 0.6433333333333334 0.13749999999999998 0.6883333333333334 0.15833333333333333 0.7341666666666666