0 0.19444444444444445 0.34068627450980393 0.19444444444444445 0.35784313725490197 0.2173202614379085 0.37990196078431376 0.24673202614379086 0.37990196078431376 0.25980392156862747 0.37254901960784315 0.28104575163398693 0.34068627450980393 0.28921568627450983 0.3112745098039216 0.27941176470588236 0.2622549019607843 0.2516339869281046 0.23529411764705885 0.22875816993464054 0.23529411764705885 0.20915032679738563 0.24754901960784312 0.18627450980392157 0.29411764705882354 0.184640522875817 0.3186274509803922 0.19444444444444445 0.34068627450980393
0 0.8022875816993464 0.6225490196078431 0.8366013071895425 0.6568627450980392 0.8643790849673203 0.6323529411764706 0.8709150326797386 0.6151960784313725 0.8741830065359478 0.5661764705882353 0.869281045751634 0.5416666666666666 0.8382352941176471 0.4926470588235294 0.8022875816993464 0.47794117647058826 0.7745098039215687 0.48284313725490197 0.7532679738562092 0.5024509803921569 0.7401960784313727 0.5343137254901961 0.7434640522875817 0.5980392156862746 0.8022875816993464 0.6225490196078431
0 0.4852941176470588 0.46568627450980393 0.5261437908496732 0.49754901960784315 0.5490196078431373 0.48284313725490197 0.573529411764706 0.39215686274509803 0.5702614379084968 0.3553921568627451 0.5522875816993464 0.32107843137254904 0.5375816993464052 0.3137254901960784 0.4983660130718955 0.3161764705882353 0.47875816993464054 0.34313725490196084 0.4705882352941177 0.37254901960784315 0.4722222222222222 0.4338235294117647 0.4852941176470588 0.46568627450980393
0 0.7761437908496732 0.4730392156862745 0.8088235294117647 0.4730392156862745 0.8284313725490198 0.4509803921568627 0.8284313725490198 0.4142156862745098 0.8104575163398693 0.37745098039215685 0.7973856209150327 0.3651960784313726 0.7810457516339869 0.36274509803921573 0.7630718954248367 0.3823529411764706 0.761437908496732 0.42892156862745096 0.7761437908496732 0.4730392156862745
0 0.8921568627450981 0.5220588235294118 0.9035947712418301 0.553921568627451 0.9248366013071896 0.5857843137254902 0.9689542483660132 0.5857843137254902 0.9918300653594772 0.5661764705882353 0.9983660130718954 0.5122549019607844 0.996732026143791 0.4705882352941177 0.9869281045751634 0.4387254901960784 0.9705882352941176 0.4142156862745098 0.9558823529411766 0.40686274509803927 0.9215686274509804 0.40686274509803927 0.8937908496732027 0.41911764705882354 0.8807189542483661 0.4411764705882353 0.8790849673202615 0.46813725490196084 0.8921568627450981 0.5220588235294118
0 0.28594771241830064 0.5 0.2973856209150327 0.5147058823529411 0.3496732026143791 0.48284313725490197 0.3921568627450981 0.4803921568627451 0.39705882352941174 0.46813725490196084 0.380718954248366 0.4117647058823529 0.36274509803921573 0.39215686274509803 0.3398692810457517 0.37990196078431376 0.303921568627451 0.38480392156862747 0.2761437908496732 0.4240196078431373 0.27450980392156865 0.4583333333333333 0.28594771241830064 0.5
0 0.4705882352941177 0.5808823529411765 0.5 0.5465686274509804 0.5277777777777778 0.5318627450980392 0.5147058823529412 0.4926470588235294 0.4803921568627451 0.46813725490196084 0.45915032679738566 0.4705882352941177 0.43790849673202614 0.5 0.4428104575163399 0.5514705882352942 0.4705882352941177 0.5808823529411765
0 0.7679738562091504 0.3235294117647059 0.800653594771242 0.35784313725490197 0.8251633986928105 0.35784313725490197 0.8513071895424837 0.34068627450980393 0.869281045751634 0.3161764705882353 0.8790849673202615 0.286764705882353 0.8807189542483661 0.25980392156862747 0.8709150326797386 0.2181372549019608 0.8594771241830066 0.19852941176470587 0.8382352941176471 0.1838235294117647 0.8104575163398693 0.18137254901960786 0.7745098039215687 0.1911764705882353 0.7565359477124184 0.20833333333333334 0.7434640522875817 0.24019607843137256 0.7418300653594772 0.25980392156862747 0.7679738562091504 0.3235294117647059
0 0.8594771241830066 0.7083333333333334 0.8611111111111112 0.7598039215686275 0.8709150326797386 0.7794117647058824 0.8954248366013073 0.7867647058823529 0.9379084967320261 0.7843137254901961 0.9591503267973857 0.7622549019607844 0.9673202614379086 0.7426470588235294 0.9689542483660132 0.6887254901960785 0.9607843137254902 0.6666666666666666 0.9411764705882354 0.6421568627450981 0.8937908496732027 0.625 0.8758169934640523 0.6299019607843137 0.8447712418300654 0.6593137254901961 0.8431372549019608 0.6691176470588235 0.8594771241830066 0.7083333333333334
0 0.40359477124183013 0.7867647058823529 0.41830065359477125 0.8014705882352942 0.45424836601307195 0.803921568627451 0.4754901960784314 0.7892156862745098 0.48692810457516345 0.7671568627450981 0.48692810457516345 0.7083333333333334 0.45915032679738566 0.6691176470588235 0.41830065359477125 0.6642156862745098 0.400326797385621 0.6764705882352942 0.3839869281045752 0.7009803921568627 0.3823529411764706 0.7156862745098039 0.40359477124183013 0.7867647058823529
0 0.8496732026143791 0.5 0.8725490196078431 0.5441176470588235 0.8823529411764706 0.5294117647058824 0.8839869281045752 0.49754901960784315 0.8758169934640523 0.47549019607843135 0.8643790849673203 0.4632352941176471 0.8300653594771242 0.45588235294117646 0.8169934640522876 0.46568627450980393 0.812091503267974 0.47549019607843135 0.8496732026143791 0.5
0 0.5245098039215687 0.8578431372549019 0.5490196078431373 0.8921568627450981 0.5751633986928105 0.9117647058823529 0.6062091503267973 0.9215686274509804 0.6339869281045751 0.9117647058823529 0.6535947712418301 0.8897058823529412 0.6715686274509804 0.8431372549019608 0.6683006535947713 0.7916666666666666 0.6535947712418301 0.7549019607843137 0.6258169934640523 0.7230392156862746 0.5980392156862746 0.7058823529411765 0.5620915032679739 0.7009803921568627 0.5441176470588235 0.7083333333333334 0.5196078431372549 0.7352941176470588 0.5098039215686275 0.7696078431372549 0.5081699346405228 0.803921568627451 0.5245098039215687 0.8578431372549019
0 0.6568627450980393 0.7549019607843137 0.6764705882352942 0.803921568627451 0.7009803921568628 0.7990196078431373 0.7254901960784315 0.7573529411764706 0.738562091503268 0.7083333333333334 0.7418300653594772 0.625 0.738562091503268 0.5980392156862746 0.7287581699346406 0.5759803921568627 0.6993464052287582 0.5612745098039216 0.6699346405228759 0.5661764705882353 0.6388888888888888 0.6029411764705883 0.6209150326797386 0.6544117647058824 0.619281045751634 0.7132352941176471 0.6568627450980393 0.7549019607843137
0 0.41339869281045755 0.46813725490196084 0.45424836601307195 0.46813725490196084 0.46895424836601307 0.4509803921568627 0.4640522875816994 0.39950980392156865 0.4444444444444444 0.3651960784313726 0.4215686274509804 0.3676470588235294 0.39869281045751637 0.4117647058823529 0.39869281045751637 0.4436274509803922 0.41339869281045755 0.46813725490196084
0 0.9068627450980393 0.40931372549019607 0.954248366013072 0.40441176470588236 0.954248366013072 0.37990196078431376 0.9395424836601308 0.35784313725490197 0.9183006535947713 0.3602941176470588 0.9035947712418301 0.37990196078431376 0.9019607843137256 0.39950980392156865 0.9068627450980393 0.40931372549019607
0 0.30228758169934644 0.6740196078431373 0.3235294117647059 0.6985294117647058 0.3415032679738562 0.7009803921568627 0.37745098039215685 0.6862745098039217 0.4166666666666667 0.6470588235294118 0.434640522875817 0.6004901960784315 0.4362745098039216 0.5588235294117647 0.42647058823529416 0.5245098039215687 0.40522875816993464 0.49509803921568624 0.3872549019607843 0.4852941176470588 0.3545751633986928 0.4852941176470588 0.30718954248366015 0.517156862745098 0.28104575163398693 0.573529411764706 0.27941176470588236 0.6004901960784315 0.30228758169934644 0.6740196078431373
0 0.7549019607843137 0.8946078431372549 0.8055555555555556 0.9583333333333334 0.8562091503267975 0.9632352941176471 0.8758169934640523 0.9509803921568627 0.8937908496732027 0.9142156862745098 0.8888888888888888 0.8553921568627452 0.8660130718954249 0.8137254901960785 0.8382352941176471 0.7892156862745098 0.7973856209150327 0.7843137254901961 0.7712418300653595 0.7941176470588235 0.7483660130718954 0.8308823529411765 0.7450980392156863 0.8627450980392156 0.7549019607843137 0.8946078431372549
0 0.5686274509803921 0.5343137254901961 0.6143790849673203 0.5857843137254902 0.6372549019607844 0.5931372549019608 0.6699346405228759 0.5612745098039216 0.6911764705882354 0.553921568627451 0.7026143790849674 0.5269607843137255 0.7058823529411765 0.46813725490196084 0.7009803921568628 0.4387254901960784 0.6895424836601307 0.4117647058823529 0.6552287581699346 0.3823529411764706 0.6307189542483661 0.37254901960784315 0.5947712418300654 0.37745098039215685 0.5702614379084968 0.4117647058823529 0.5588235294117647 0.4509803921568627 0.5571895424836601 0.4926470588235294 0.5686274509803921 0.5343137254901961
0 0.3120915032679739 0.375 0.3382352941176471 0.375 0.3741830065359477 0.3946078431372549 0.38562091503267976 0.3946078431372549 0.400326797385621 0.375 0.4166666666666667 0.3186274509803922 0.411764705882353 0.2622549019607843 0.39705882352941174 0.24019607843137256 0.36601307189542487 0.22549019607843135 0.3300653594771242 0.24019607843137256 0.30718954248366015 0.26715686274509803 0.2973856209150327 0.2916666666666667 0.29575163398692816 0.3259803921568627 0.3120915032679739 0.375
0 0.16013071895424838 0.5465686274509804 0.2042483660130719 0.5808823529411765 0.23529411764705885 0.5784313725490196 0.25653594771241833 0.5637254901960784 0.2679738562091503 0.5441176470588235 0.2761437908496732 0.5098039215686275 0.2761437908496732 0.47549019607843135 0.2647058823529412 0.4436274509803922 0.25 0.42647058823529416 0.2222222222222222 0.4142156862745098 0.184640522875817 0.4240196078431373 0.1568627450980392 0.4583333333333333 0.14869281045751634 0.4803921568627451 0.14705882352941177 0.5024509803921569 0.16013071895424838 0.5465686274509804
0 0.43137254901960786 0.3284313725490196 0.44771241830065367 0.35294117647058826 0.46895424836601307 0.3602941176470588 0.49673202614379086 0.3137254901960784 0.5392156862745099 0.3088235294117647 0.553921568627451 0.28431372549019607 0.5588235294117647 0.24754901960784312 0.5326797385620915 0.19362745098039214 0.5065359477124184 0.18137254901960786 0.4836601307189543 0.18137254901960786 0.4411764705882353 0.21323529411764708 0.4215686274509804 0.25980392156862747 0.4199346405228759 0.2892156862745098 0.43137254901960786 0.3284313725490196
0 0.7401960784313727 0.7328431372549019 0.7647058823529412 0.7794117647058824 0.8300653594771242 0.7794117647058824 0.8529411764705883 0.7524509803921569 0.8562091503267975 0.7083333333333334 0.8267973856209151 0.6519607843137254 0.7957516339869282 0.6225490196078431 0.7549019607843137 0.6053921568627452 0.7418300653594772 0.6078431372549019 0.7450980392156863 0.6813725490196079 0.7401960784313727 0.7328431372549019
0 0.49673202614379086 0.7205882352941176 0.5114379084967321 0.7303921568627452 0.5506535947712419 0.7009803921568627 0.59640522875817 0.6985294117647058 0.6176470588235294 0.6568627450980392 0.6143790849673203 0.6176470588235294 0.5996732026143791 0.5808823529411765 0.5751633986928105 0.5490196078431373 0.553921568627451 0.5367647058823529 0.5277777777777778 0.5367647058823529 0.4983660130718955 0.5514705882352942 0.47875816993464054 0.5784313725490196 0.4722222222222222 0.6102941176470588 0.46732026143790856 0.6691176470588235 0.49673202614379086 0.7205882352941176
0 0.5620915032679739 0.23529411764705885 0.5751633986928105 0.24019607843137256 0.5898692810457516 0.23774509803921567 0.6307189542483661 0.2107843137254902 0.6454248366013071 0.1642156862745098 0.6421568627450981 0.13480392156862744 0.6241830065359478 0.10294117647058823 0.5882352941176471 0.08578431372549021 0.5490196078431373 0.09558823529411765 0.5196078431372549 0.14215686274509803 0.5179738562091504 0.17156862745098042 0.5620915032679739 0.23529411764705885
0 0.704248366013072 0.4411764705882353 0.7091503267973857 0.47794117647058826 0.7254901960784315 0.48284313725490197 0.7369281045751634 0.47549019607843135 0.7516339869281047 0.44607843137254904 0.7565359477124184 0.4117647058823529 0.7565359477124184 0.37990196078431376 0.7483660130718954 0.35294117647058826 0.7320261437908497 0.3357843137254902 0.7189542483660132 0.3357843137254902 0.704248366013072 0.35294117647058826 0.69281045751634 0.37990196078431376 0.6911764705882354 0.4117647058823529 0.704248366013072 0.4411764705882353
0 0.5833333333333334 0.3235294117647059 0.5816993464052288 0.35049019607843135 0.5898692810457516 0.3676470588235294 0.6290849673202615 0.3676470588235294 0.6601307189542484 0.37745098039215685 0.6813725490196079 0.36274509803921573 0.7156862745098039 0.3186274509803922 0.7254901960784315 0.27205882352941174 0.7205882352941176 0.24754901960784312 0.7026143790849674 0.2156862745098039 0.6781045751633987 0.20098039215686275 0.6552287581699346 0.20098039215686275 0.6045751633986929 0.23529411764705885 0.5784313725490197 0.2818627450980392 0.5767973856209151 0.3137254901960784 0.5833333333333334 0.3235294117647059