0 0.30718954248366015 0.7843137254901961 0.33115522875817 0.8325171568627451 0.35294117647058826 0.8529411764705883 0.380718954248366 0.8529411764705883 0.411764705882353 0.8063725490196079 0.44771241830065367 0.7818627450980392 0.4754901960784314 0.7745098039215685 0.4820261437908497 0.7598039215686275 0.4803921568627451 0.7181372549019608 0.4624183006535948 0.6544117647058824 0.4558823529411765 0.573529411764706 0.43954248366013077 0.5612745098039216 0.41339869281045755 0.5588235294117647 0.36274509803921573 0.5759803921568627 0.3300653594771242 0.6225490196078431 0.30228758169934644 0.6862745098039217 0.2990196078431373 0.7377450980392156 0.30718954248366015 0.7843137254901961
0 0.9232026143790851 0.041666666666666664 0.9460784313725491 0.05882352941176471 0.9983660130718954 0.05637254901960784 0.9983660130718954 0 0.9035947712418301 0 0.9232026143790851 0.041666666666666664
0 0.996732026143791 0.9950980392156863 0.9983660130718954 0.7279411764705883 0.9803921568627452 0.6911764705882353 0.9493464052287582 0.6544117647058824 0.9264705882352942 0.6348039215686275 0.8954248366013073 0.625 0.8366013071895425 0.6323529411764706 0.7745098039215687 0.6617647058823529 0.738562091503268 0.6936274509803921 0.7091503267973857 0.7352941176470588 0.6421568627450981 0.8431372549019608 0.5784313725490197 0.9730392156862746 0.573529411764706 0.9975490196078431 0.996732026143791 0.9950980392156863
0 0.2532679738562092 0.573529411764706 0.2712418300653595 0.5784313725490196 0.28104575163398693 0.6151960784313725 0.29575163398692816 0.6299019607843137 0.32679738562091504 0.6200980392156863 0.3611111111111111 0.5710784313725491 0.39869281045751637 0.553921568627451 0.40359477124183013 0.5318627450980392 0.40359477124183013 0.5122549019607844 0.38562091503267976 0.48774509803921573 0.35784313725490197 0.45588235294117646 0.3300653594771242 0.4411764705882353 0.3055555555555556 0.4436274509803922 0.2581699346405229 0.4705882352941177 0.24019607843137256 0.5098039215686275 0.24183006535947715 0.5612745098039216 0.2532679738562092 0.573529411764706
0 0.6143790849673203 0.022058823529411766 0.6437908496732027 0.03186274509803922 0.6617647058823529 0.04411764705882353 0.6830065359477124 0.0784313725490196 0.7075163398692811 0.15441176470588236 0.7140522875816994 0.25735294117647056 0.7238562091503269 0.25980392156862747 0.8186274509803922 0.1446078431372549 0.8529411764705883 0.049019607843137254 0.8611111111111112 0.0024509803921568627 0.607843137254902 0 0.5980392156862746 0.00980392156862745 0.5947712418300654 0.024509803921568627 0.6143790849673203 0.022058823529411766
0 0 0.4436274509803922 0.011437908496732027 0.4313725490196078 0.04084967320261438 0.34313725490196084 0.06862745098039216 0.3112745098039216 0.06699346405228758 0.286764705882353 0.05555555555555555 0.25980392156862747 0.026143790849673203 0.22549019607843135 0.004901960784313725 0.21323529411764708 0 0.21323529411764708 0 0.4436274509803922
0 0.369281045751634 0.9975490196078431 0.3611111111111111 0.9338235294117647 0.36764705882352944 0.8823529411764706 0.34640522875817 0.8553921568627452 0.32679738562091504 0.8504901960784315 0.29575163398692816 0.8725490196078431 0.2826797385620915 0.8946078431372549 0.2712418300653595 0.9362745098039217 0.26960784313725494 0.9975490196078431 0.369281045751634 0.9975490196078431
0 0.37745098039215685 0.9975490196078431 0.5571895424836601 0.9975490196078431 0.5669934640522877 0.9901960784313725 0.5702614379084968 0.9730392156862746 0.5718954248366013 0.8872549019607844 0.5637254901960784 0.8480392156862746 0.5392156862745099 0.8112745098039217 0.5081699346405228 0.7892156862745098 0.4558823529411765 0.7843137254901961 0.4199346405228759 0.8063725490196079 0.3888888888888889 0.8455882352941176 0.36764705882352944 0.9068627450980392 0.36764705882352944 0.9681372549019608 0.37745098039215685 0.9975490196078431
0 0 0.9362745098039217 0.057189542483660136 0.8995098039215685 0.08169934640522876 0.8308823529411765 0.09477124183006537 0.7622549019607844 0.119281045751634 0.7156862745098039 0.14379084967320263 0.6397058823529412 0.1258169934640523 0.5686274509803921 0.10130718954248366 0.5269607843137255 0.05882352941176471 0.4803921568627451 0.004901960784313725 0.4509803921568627 0 0.4509803921568627 0 0.9362745098039217
0 0.3888888888888889 0.4705882352941177 0.4101307189542484 0.5024509803921569 0.4199346405228759 0.5073529411764706 0.4722222222222222 0.48774509803921573 0.5065359477124184 0.4313725490196078 0.5441176470588235 0.38480392156862747 0.542483660130719 0.36274509803921573 0.5245098039215687 0.3186274509803922 0.5196078431372549 0.2892156862745098 0.5163398692810458 0.24019607843137256 0.5228758169934641 0.17156862745098042 0.4918300653594772 0.16666666666666666 0.4558823529411765 0.19362745098039214 0.4215686274509804 0.23774509803921567 0.37254901960784315 0.35049019607843135 0.3709150326797386 0.4240196078431373 0.3888888888888889 0.4705882352941177
0 0.029411764705882356 0.2181372549019608 0.06699346405228758 0.26715686274509803 0.09640522875816994 0.27450980392156865 0.13725490196078433 0.2696078431372549 0.19281045751633988 0.21323529411764708 0.20915032679738563 0.17892156862745098 0.22385620915032683 0.12745098039215688 0.24183006535947715 0.01715686274509804 0.24183006535947715 0 0.0032679738562091504 0.0024509803921568627 0 0.20098039215686275 0.029411764705882356 0.2181372549019608
0 0.06699346405228758 0.9975490196078431 0.2532679738562092 0.9926470588235294 0.27941176470588236 0.8946078431372549 0.2908496732026144 0.8161764705882353 0.28758169934640526 0.7205882352941176 0.28104575163398693 0.6911764705882353 0.2761437908496732 0.6127450980392156 0.2679738562091503 0.5857843137254902 0.25 0.5784313725490196 0.21568627450980393 0.5833333333333334 0.17483660130718956 0.6200980392156863 0.14379084967320263 0.6666666666666666 0.10130718954248366 0.7696078431372549 0.06372549019607844 0.9142156862745098 0.06209150326797386 0.9803921568627452 0.06699346405228758 0.9975490196078431
0 0.6764705882352942 0.48774509803921573 0.7075163398692811 0.5563725490196079 0.7189542483660132 0.5955882352941176 0.746732026143791 0.6397058823529412 0.7761437908496732 0.6495098039215685 0.8594771241830066 0.6176470588235294 0.9232026143790851 0.6200980392156863 0.9983660130718954 0.5122549019607844 0.9983660130718954 0.0661764705882353 0.9656862745098039 0.06372549019607844 0.9215686274509804 0.07598039215686274 0.8807189542483661 0.10049019607843138 0.8104575163398693 0.16666666666666666 0.7826797385620915 0.19607843137254902 0.7189542483660132 0.2892156862745098 0.6944444444444444 0.3382352941176471 0.6732026143790851 0.39950980392156865 0.6683006535947713 0.4313725490196078 0.6764705882352942 0.48774509803921573
0 0.20261437908496732 0.4485294117647059 0.22712418300653597 0.4607843137254902 0.2581699346405229 0.4607843137254902 0.32679738562091504 0.4313725490196078 0.34313725490196084 0.4117647058823529 0.3611111111111111 0.375 0.3790849673202615 0.29411764705882354 0.36601307189542487 0.25735294117647056 0.34803921568627455 0.23284313725490197 0.32189542483660133 0.2181372549019608 0.29575163398692816 0.2156862745098039 0.238562091503268 0.23529411764705885 0.20098039215686275 0.2622549019607843 0.184640522875817 0.2892156862745098 0.16993464052287585 0.3357843137254902 0.16993464052287585 0.37254901960784315 0.20261437908496732 0.4485294117647059
0 0.03104575163398693 0.4215686274509804 0.0392156862745098 0.4485294117647059 0.11764705882352942 0.5441176470588235 0.14705882352941177 0.6176470588235294 0.1650326797385621 0.625 0.20915032679738563 0.5808823529411765 0.21241830065359477 0.49754901960784315 0.15359477124183007 0.35294117647058826 0.12745098039215688 0.3259803921568627 0.09150326797385622 0.3161764705882353 0.06045751633986929 0.3284313725490196 0.037581699346405234 0.35784313725490197 0.03104575163398693 0.38725490196078427 0.03104575163398693 0.4215686274509804
0 0.5375816993464052 0.34313725490196084 0.5588235294117647 0.375 0.5816993464052288 0.375 0.6258169934640523 0.39950980392156865 0.6405228758169935 0.39705882352941174 0.6699346405228759 0.37009803921568624 0.7026143790849674 0.3063725490196078 0.7107843137254902 0.24754901960784312 0.7026143790849674 0.14705882352941177 0.6781045751633987 0.07598039215686274 0.6470588235294118 0.0392156862745098 0.6062091503267973 0.029411764705882356 0.5915032679738563 0.03431372549019608 0.5686274509803921 0.05882352941176471 0.5310457516339869 0.15196078431372548 0.5228758169934641 0.19852941176470587 0.5245098039215687 0.30392156862745096 0.5375816993464052 0.34313725490196084
0 0.4754901960784314 0.6936274509803921 0.48692810457516345 0.7205882352941176 0.48692810457516345 0.7450980392156863 0.5457516339869282 0.8063725490196079 0.5767973856209151 0.821078431372549 0.5980392156862746 0.8186274509803921 0.6748366013071896 0.7181372549019608 0.6813725490196079 0.6838235294117647 0.6813725490196079 0.6323529411764706 0.6601307189542484 0.47549019607843135 0.6405228758169935 0.42647058823529416 0.6143790849673203 0.39705882352941174 0.5702614379084968 0.3823529411764706 0.5343137254901961 0.40686274509803927 0.4820261437908497 0.47794117647058826 0.4624183006535948 0.5465686274509804 0.4607843137254902 0.6029411764705883 0.4754901960784314 0.6936274509803921
0 0.25653594771241833 0.16176470588235295 0.28104575163398693 0.19852941176470587 0.29411764705882354 0.20833333333333334 0.3333333333333333 0.2156862745098039 0.3643790849673203 0.2426470588235294 0.3839869281045752 0.2426470588235294 0.4101307189542484 0.23529411764705885 0.46732026143790856 0.17401960784313725 0.5196078431372549 0.14705882352941177 0.5898692810457516 0 0.4624183006535948 0 0.43300653594771243 0.007352941176470589 0.42483660130718953 0 0.2581699346405229 0 0.24836601307189543 0.012254901960784314 0.24183006535947715 0.051470588235294115 0.24019607843137256 0.11764705882352942 0.25653594771241833 0.16176470588235295