0 0.3545751633986928 0.9955555555555555 0.34477124183006536 0.9777777777777777 0.303921568627451 0.9755555555555555 0.2532679738562092 0.9466666666666667 0.23692810457516342 0.9533333333333333 0.20915032679738563 0.9888888888888888 0.2058823529411765 0.9977777777777777 0.3545751633986928 0.9955555555555555
0 0.4852941176470588 0.09777777777777777 0.5196078431372549 0.09999999999999999 0.5604575163398693 0.11333333333333334 0.573529411764706 0.09999999999999999 0.5816993464052288 0.08 0.5833333333333334 0.06444444444444444 0.5751633986928105 0.035555555555555556 0.5522875816993464 0 0.49673202614379086 0 0.47875816993464054 0.02888888888888889 0.4754901960784314 0.07111111111111111 0.4852941176470588 0.09777777777777777
0 0.24019607843137256 0.9222222222222222 0.2581699346405229 0.9466666666666667 0.30228758169934644 0.971111111111111 0.32843137254901966 0.9755555555555555 0.35294117647058826 0.9577777777777777 0.380718954248366 0.92 0.3937908496732026 0.8799999999999999 0.39705882352941174 0.8244444444444444 0.3872549019607843 0.7888888888888889 0.36601307189542487 0.7511111111111111 0.3316993464052288 0.7288888888888889 0.26960784313725494 0.731111111111111 0.2532679738562092 0.74 0.24183006535947715 0.7555555555555555 0.2254901960784314 0.811111111111111 0.22712418300653597 0.8822222222222222 0.24019607843137256 0.9222222222222222
0 0.4493464052287582 0.3911111111111111 0.46732026143790856 0.3888888888888889 0.5049019607843137 0.4066666666666667 0.5359477124183006 0.40888888888888886 0.5571895424836601 0.3888888888888889 0.5637254901960784 0.37333333333333335 0.5604575163398693 0.29333333333333333 0.542483660130719 0.26666666666666666 0.4934640522875817 0.2644444444444444 0.47875816993464054 0.2711111111111111 0.4428104575163399 0.32666666666666666 0.43954248366013077 0.34888888888888886 0.4493464052287582 0.3911111111111111
0 0.7091503267973857 0.36444444444444446 0.7336601307189542 0.39999999999999997 0.7401960784313727 0.39999999999999997 0.7630718954248367 0.37555555555555553 0.761437908496732 0.3466666666666666 0.7696078431372549 0.3 0.7450980392156863 0.2866666666666666 0.7173202614379085 0.2911111111111111 0.7026143790849674 0.3 0.6846405228758171 0.3311111111111111 0.6862745098039217 0.3577777777777778 0.7091503267973857 0.36444444444444446
0 0.607843137254902 0.6555555555555556 0.6241830065359478 0.6644444444444444 0.6454248366013071 0.6644444444444444 0.6813725490196079 0.6466666666666667 0.69281045751634 0.6333333333333333 0.6960784313725491 0.6155555555555556 0.7222222222222222 0.5866666666666667 0.7287581699346406 0.5466666666666666 0.7254901960784315 0.52 0.7156862745098039 0.4955555555555555 0.6944444444444444 0.47333333333333333 0.6470588235294118 0.4688888888888889 0.6209150326797386 0.48666666666666664 0.5996732026143791 0.5133333333333333 0.5767973856209151 0.5777777777777777 0.5767973856209151 0.6111111111111112 0.607843137254902 0.6555555555555556
0 0.7238562091503269 0.8533333333333333 0.75 0.8844444444444444 0.7630718954248367 0.8911111111111111 0.7794117647058825 0.8888888888888888 0.8202614379084968 0.86 0.8202614379084968 0.7866666666666666 0.8055555555555556 0.7577777777777778 0.7826797385620915 0.7355555555555555 0.7483660130718954 0.7333333333333334 0.7271241830065359 0.7511111111111111 0.7156862745098039 0.7755555555555554 0.7140522875816994 0.8088888888888889 0.7238562091503269 0.8533333333333333
0 0.5800653594771242 0.3666666666666667 0.6127450980392157 0.35555555555555557 0.6437908496732027 0.38 0.6633986928104576 0.3622222222222222 0.6764705882352942 0.33777777777777773 0.6781045751633987 0.30666666666666664 0.6699346405228759 0.27555555555555555 0.6307189542483661 0.23555555555555555 0.5898692810457516 0.24 0.5718954248366013 0.2577777777777778 0.5669934640522877 0.2777777777777778 0.5669934640522877 0.33777777777777773 0.5800653594771242 0.3666666666666667
0 0.37745098039215685 0.9977777777777777 0.48856209150326796 0.9977777777777777 0.4983660130718955 0.9555555555555556 0.4983660130718955 0.9244444444444445 0.48692810457516345 0.8911111111111111 0.4754901960784314 0.8799999999999999 0.4575163398692811 0.8711111111111111 0.40359477124183013 0.8688888888888889 0.38562091503267976 0.92 0.36764705882352944 0.9488888888888888 0.36601307189542487 0.9688888888888889 0.37745098039215685 0.9977777777777777
0 0.022875816993464054 0.7555555555555555 0.03594771241830066 0.7777777777777778 0.06699346405228758 0.7844444444444444 0.07026143790849673 0.7222222222222222 0.09150326797385622 0.6733333333333333 0.07189542483660132 0.6644444444444444 0.04901960784313726 0.6666666666666666 0.03594771241830066 0.6755555555555555 0.02450980392156863 0.6977777777777777 0.0196078431372549 0.7133333333333333 0.022875816993464054 0.7555555555555555
0 0.24673202614379086 0.54 0.2777777777777778 0.5844444444444444 0.303921568627451 0.5888888888888888 0.32843137254901966 0.5733333333333333 0.3120915032679739 0.5333333333333333 0.3137254901960784 0.5 0.3300653594771242 0.4555555555555555 0.32843137254901966 0.44888888888888884 0.3137254901960784 0.4422222222222222 0.2712418300653595 0.44888888888888884 0.24836601307189543 0.47555555555555556 0.24019607843137256 0.5 0.238562091503268 0.5155555555555555 0.24673202614379086 0.54
0 0.3235294117647059 0.5533333333333333 0.3382352941176471 0.5733333333333333 0.37254901960784315 0.591111111111111 0.3937908496732026 0.5888888888888888 0.42647058823529416 0.5688888888888889 0.43954248366013077 0.5511111111111111 0.4444444444444444 0.5333333333333333 0.4428104575163399 0.5022222222222221 0.43300653594771243 0.4777777777777778 0.40359477124183013 0.43999999999999995 0.380718954248366 0.4288888888888889 0.35620915032679745 0.43111111111111106 0.3398692810457517 0.4444444444444444 0.32843137254901966 0.46 0.31535947712418305 0.5022222222222221 0.31535947712418305 0.5355555555555556 0.3235294117647059 0.5533333333333333
0 0.39869281045751637 0.15555555555555556 0.40359477124183013 0.16666666666666666 0.4428104575163399 0.15777777777777777 0.4754901960784314 0.10888888888888888 0.4640522875816994 0.07777777777777778 0.43790849673202614 0.06222222222222222 0.4150326797385621 0.06888888888888889 0.3937908496732026 0.09333333333333334 0.400326797385621 0.12444444444444444 0.39869281045751637 0.15555555555555556
0 0.22058823529411764 0.2733333333333333 0.22712418300653597 0.24222222222222223 0.24346405228758172 0.21777777777777776 0.2712418300653595 0.20444444444444443 0.29248366013071897 0.20666666666666667 0.29248366013071897 0.19555555555555554 0.2712418300653595 0.17555555555555558 0.24019607843137256 0.1711111111111111 0.21895424836601307 0.17999999999999997 0.2058823529411765 0.20222222222222222 0.20915032679738563 0.24888888888888888 0.22058823529411764 0.2733333333333333
0 0.12745098039215688 0.2955555555555555 0.16339869281045752 0.3 0.20261437908496732 0.26666666666666666 0.20261437908496732 0.21999999999999997 0.18790849673202617 0.18666666666666668 0.173202614379085 0.1711111111111111 0.16013071895424838 0.16444444444444442 0.14215686274509803 0.16666666666666666 0.1323529411764706 0.1733333333333333 0.11601307189542485 0.20222222222222222 0.1127450980392157 0.24666666666666667 0.12745098039215688 0.2955555555555555
0 0.7124183006535949 0.7133333333333333 0.738562091503268 0.7266666666666667 0.792483660130719 0.7199999999999999 0.8104575163398693 0.7 0.8186274509803922 0.6666666666666666 0.8186274509803922 0.6311111111111111 0.812091503267974 0.6133333333333333 0.7908496732026145 0.5888888888888888 0.7761437908496732 0.5822222222222222 0.7222222222222222 0.591111111111111 0.7026143790849674 0.6111111111111112 0.6944444444444444 0.6444444444444444 0.6977124183006537 0.6977777777777777 0.7124183006535949 0.7133333333333333
0 0.48692810457516345 0.8488888888888888 0.5196078431372549 0.8688888888888889 0.565359477124183 0.8644444444444445 0.5816993464052288 0.8488888888888888 0.5947712418300654 0.8200000000000001 0.5980392156862746 0.7799999999999999 0.5849673202614379 0.74 0.553921568627451 0.7222222222222222 0.5441176470588235 0.7199999999999999 0.5130718954248367 0.76 0.4803921568627451 0.7688888888888888 0.47875816993464054 0.8355555555555555 0.48692810457516345 0.8488888888888888
0 0.22875816993464054 0.3133333333333333 0.2647058823529412 0.33999999999999997 0.2826797385620915 0.3444444444444444 0.29411764705882354 0.33777777777777773 0.32516339869281047 0.29777777777777775 0.32516339869281047 0.25333333333333335 0.2973856209150327 0.2111111111111111 0.2728758169934641 0.20666666666666667 0.24836601307189543 0.21555555555555553 0.2320261437908497 0.23555555555555555 0.22385620915032683 0.26222222222222225 0.2222222222222222 0.2822222222222222 0.22875816993464054 0.3133333333333333
0 0.3235294117647059 0.24222222222222223 0.3300653594771242 0.2866666666666666 0.3513071895424837 0.29333333333333333 0.3513071895424837 0.2288888888888889 0.37581699346405234 0.18222222222222223 0.37581699346405234 0.1711111111111111 0.36764705882352944 0.1622222222222222 0.33660130718954256 0.16666666666666666 0.3088235294117647 0.19111111111111112 0.303921568627451 0.20888888888888887 0.3235294117647059 0.24222222222222223
0 0.1797385620915033 0.14666666666666667 0.19771241830065361 0.16888888888888887 0.2908496732026144 0.1711111111111111 0.29575163398692816 0.08888888888888889 0.2826797385620915 0.07333333333333333 0.2581699346405229 0.06222222222222222 0.2107843137254902 0.05555555555555555 0.184640522875817 0.07111111111111111 0.17810457516339873 0.08222222222222221 0.17483660130718956 0.13111111111111112 0.1797385620915033 0.14666666666666667
0 0.3398692810457517 0.7333333333333334 0.37581699346405234 0.7533333333333333 0.39542483660130723 0.731111111111111 0.4215686274509804 0.7266666666666667 0.41830065359477125 0.6977777777777777 0.43137254901960786 0.6355555555555555 0.45915032679738566 0.5955555555555555 0.434640522875817 0.5755555555555555 0.3921568627450981 0.5933333333333333 0.3611111111111111 0.5955555555555555 0.3382352941176471 0.6244444444444445 0.3300653594771242 0.66 0.3316993464052288 0.7199999999999999 0.3398692810457517 0.7333333333333334
0 0.16666666666666666 0.46 0.17647058823529413 0.4711111111111111 0.19934640522875818 0.47333333333333333 0.21895424836601307 0.4888888888888889 0.24183006535947715 0.48444444444444446 0.2647058823529412 0.44888888888888884 0.2826797385620915 0.43555555555555553 0.28758169934640526 0.41777777777777775 0.28431372549019607 0.36444444444444446 0.27941176470588236 0.3533333333333333 0.21241830065359477 0.31777777777777777 0.19607843137254904 0.31777777777777777 0.17810457516339873 0.33777777777777773 0.16339869281045752 0.35999999999999993 0.15522875816993464 0.3888888888888889 0.15522875816993464 0.42666666666666664 0.16666666666666666 0.46
0 0.08006535947712419 0.8266666666666667 0.09150326797385622 0.8444444444444444 0.11764705882352942 0.86 0.17156862745098042 0.8511111111111112 0.22058823529411764 0.8155555555555556 0.238562091503268 0.7511111111111111 0.2516339869281046 0.7333333333333334 0.2532679738562092 0.6511111111111111 0.24019607843137256 0.6311111111111111 0.2254901960784314 0.6222222222222222 0.20098039215686275 0.62 0.15849673202614378 0.6288888888888889 0.119281045751634 0.6511111111111111 0.09640522875816994 0.6733333333333333 0.08006535947712419 0.7 0.07026143790849673 0.7333333333333334 0.07026143790849673 0.7799999999999999 0.08006535947712419 0.8266666666666667
0 0.35784313725490197 0.2911111111111111 0.3937908496732026 0.32666666666666666 0.4150326797385621 0.3311111111111111 0.43300653594771243 0.3244444444444444 0.4509803921568628 0.3111111111111111 0.46732026143790856 0.2822222222222222 0.46732026143790856 0.24444444444444444 0.44771241830065367 0.19999999999999998 0.4199346405228759 0.1733333333333333 0.3937908496732026 0.1733333333333333 0.37745098039215685 0.18222222222222223 0.35294117647058826 0.2288888888888889 0.3513071895424837 0.26666666666666666 0.35784313725490197 0.2911111111111111
0 0.25980392156862747 0.6533333333333333 0.2532679738562092 0.6622222222222222 0.25653594771241833 0.7266666666666667 0.3055555555555556 0.7266666666666667 0.3104575163398693 0.7155555555555556 0.3104575163398693 0.6866666666666666 0.30065359477124187 0.6533333333333333 0.28431372549019607 0.6377777777777778 0.2532679738562092 0.6355555555555555 0.2516339869281046 0.6422222222222222 0.25980392156862747 0.6533333333333333
0 0.45915032679738566 0.20222222222222222 0.4493464052287582 0.16444444444444442 0.4199346405228759 0.16444444444444442 0.4166666666666667 0.1711111111111111 0.44607843137254904 0.19333333333333333 0.45316560359083397 0.20832663989290495 0.45915032679738566 0.20222222222222222
0 0.4624183006535948 0.5066666666666667 0.4754901960784314 0.5488888888888889 0.49673202614379086 0.5866666666666667 0.5408496732026143 0.6022222222222221 0.5522875816993464 0.5977777777777779 0.5751633986928105 0.5711111111111111 0.5996732026143791 0.49777777777777776 0.5980392156862746 0.48 0.5800653594771242 0.44888888888888884 0.5359477124183006 0.41333333333333333 0.5032679738562092 0.41333333333333333 0.4803921568627451 0.4288888888888889 0.4640522875816994 0.4577777777777778 0.45915032679738566 0.4711111111111111 0.4624183006535948 0.5066666666666667
0 0.30228758169934644 0.4244444444444444 0.3316993464052288 0.4466666666666666 0.36601307189542487 0.4244444444444444 0.39052287581699346 0.4288888888888889 0.40686274509803927 0.43999999999999995 0.43954248366013077 0.39555555555555555 0.43790849673202614 0.3622222222222222 0.4281045751633987 0.33555555555555555 0.39869281045751637 0.3333333333333333 0.36601307189542487 0.3044444444444444 0.32189542483660133 0.31555555555555553 0.29575163398692816 0.3444444444444444 0.28921568627450983 0.3622222222222222 0.28921568627450983 0.3888888888888889 0.30228758169934644 0.4244444444444444
0 0.1568627450980392 0.6266666666666666 0.184640522875817 0.6177777777777778 0.238562091503268 0.6222222222222222 0.2516339869281046 0.5866666666666667 0.2516339869281046 0.5599999999999999 0.24183006535947715 0.5311111111111111 0.21405228758169936 0.5044444444444444 0.19444444444444445 0.5044444444444444 0.17810457516339873 0.5155555555555555 0.16013071895424838 0.5444444444444444 0.15359477124183007 0.5688888888888889 0.15032679738562094 0.6066666666666666 0.1568627450980392 0.6266666666666666
0 0.02124183006535948 0.9688888888888889 0.026143790849673203 0.9755555555555555 0.06372549019607844 0.9977777777777777 0.12254901960784315 0.9955555555555555 0.15032679738562094 0.9422222222222222 0.15359477124183007 0.8711111111111111 0.1127450980392157 0.8644444444444445 0.09803921568627452 0.8555555555555555 0.08006535947712419 0.8355555555555555 0.07352941176470588 0.8133333333333334 0.06045751633986929 0.8200000000000001 0.037581699346405234 0.8488888888888888 0.01797385620915033 0.9 0.016339869281045753 0.9288888888888889 0.02124183006535948 0.9688888888888889
0 0.5882352941176471 0.23111111111111113 0.6290849673202615 0.23111111111111113 0.6568627450980393 0.24666666666666667 0.6764705882352942 0.23111111111111113 0.6944444444444444 0.19999999999999998 0.6944444444444444 0.14222222222222222 0.6879084967320261 0.1288888888888889 0.6879084967320261 0.10888888888888888 0.6748366013071896 0.09777777777777777 0.6258169934640523 0.10444444444444444 0.6013071895424837 0.12444444444444444 0.5800653594771242 0.15555555555555556 0.5784313725490197 0.21555555555555553 0.5882352941176471 0.23111111111111113
0 0.5457516339869282 0.7133333333333333 0.5702614379084968 0.7177777777777777 0.5882352941176471 0.6911111111111111 0.5947712418300654 0.6511111111111111 0.5686274509803921 0.5977777777777779 0.5359477124183006 0.6066666666666666 0.5555555555555556 0.6644444444444444 0.5457516339869282 0.7133333333333333
0 0.3104575163398693 0.17777777777777778 0.35784313725490197 0.16 0.369281045751634 0.16 0.3790849673202615 0.1733333333333333 0.39052287581699346 0.16666666666666666 0.39869281045751637 0.13111111111111112 0.3888888888888889 0.09333333333333334 0.3741830065359477 0.07555555555555556 0.3382352941176471 0.06222222222222222 0.3120915032679739 0.06888888888888889 0.30065359477124187 0.08666666666666666 0.29575163398692816 0.12222222222222222 0.3104575163398693 0.17777777777777778
0 0.8267973856209151 0.5111111111111111 0.8627450980392157 0.508888888888889 0.8839869281045752 0.4777777777777778 0.8823529411764706 0.4422222222222222 0.8725490196078431 0.4244444444444444 0.8562091503267975 0.41333333333333333 0.8218954248366013 0.41333333333333333 0.7957516339869282 0.4466666666666666 0.7990196078431373 0.4822222222222222 0.8267973856209151 0.5111111111111111
0 0.6160130718954249 0.7955555555555556 0.6437908496732027 0.8355555555555555 0.6879084967320261 0.8466666666666667 0.7107843137254902 0.8288888888888889 0.7173202614379085 0.7333333333333334 0.6960784313725491 0.7022222222222223 0.6715686274509804 0.6911111111111111 0.6486928104575164 0.6977777777777777 0.6290849673202615 0.7133333333333333 0.6127450980392157 0.7444444444444444 0.6094771241830066 0.7644444444444445 0.6160130718954249 0.7955555555555556
0 0.434640522875817 0.47555555555555556 0.4444444444444444 0.5 0.4444444444444444 0.5533333333333333 0.46568627450980393 0.5844444444444444 0.48856209150326796 0.5844444444444444 0.45915032679738566 0.5044444444444444 0.4575163398692811 0.4688888888888889 0.47875816993464054 0.42666666666666664 0.5032679738562092 0.40888888888888886 0.4820261437908497 0.39555555555555555 0.4575163398692811 0.3933333333333333 0.4297385620915033 0.41333333333333333 0.4150326797385621 0.43555555555555553 0.41339869281045755 0.44888888888888884 0.434640522875817 0.47555555555555556
0 0.400326797385621 0.8222222222222222 0.4019607843137255 0.8555555555555555 0.43790849673202614 0.8688888888888889 0.45915032679738566 0.86 0.4754901960784314 0.8200000000000001 0.47385620915032683 0.7822222222222222 0.46732026143790856 0.7688888888888888 0.43790849673202614 0.7511111111111111 0.4215686274509804 0.731111111111111 0.39542483660130723 0.7355555555555555 0.3823529411764706 0.7511111111111111 0.3790849673202615 0.7666666666666666 0.400326797385621 0.8222222222222222
0 0.42647058823529416 0.7266666666666667 0.4362745098039216 0.7444444444444444 0.46732026143790856 0.7622222222222221 0.5 0.7622222222222221 0.5261437908496732 0.7466666666666667 0.5359477124183006 0.7333333333333334 0.553921568627451 0.6733333333333333 0.5490196078431373 0.6444444444444444 0.5359477124183006 0.6155555555555556 0.5163398692810458 0.5977777777777779 0.49673202614379086 0.591111111111111 0.4607843137254902 0.6022222222222221 0.43137254901960786 0.6444444444444444 0.4215686274509804 0.6933333333333332 0.42647058823529416 0.7266666666666667
0 0.69281045751634 0.9933333333333333 0.6813725490196079 0.9022222222222221 0.6699346405228759 0.8822222222222222 0.6503267973856209 0.8666666666666666 0.6339869281045751 0.86 0.59640522875817 0.8644444444444445 0.573529411764706 0.8888888888888888 0.565359477124183 0.9244444444444445 0.5669934640522877 0.9977777777777777 0.69281045751634 0.9933333333333333
0 0.4558823529411765 0.18888888888888888 0.46895424836601307 0.22666666666666668 0.4836601307189543 0.24666666666666667 0.5049019607843137 0.26 0.5294117647058824 0.26222222222222225 0.5490196078431373 0.25333333333333335 0.5604575163398693 0.24 0.5751633986928105 0.20222222222222222 0.5784313725490197 0.16444444444444442 0.5555555555555556 0.12 0.5212418300653595 0.10444444444444444 0.4934640522875817 0.10222222222222221 0.477124183006536 0.1111111111111111 0.4607843137254902 0.13999999999999999 0.45424836601307195 0.1711111111111111 0.4558823529411765 0.18888888888888888
0 0.1911764705882353 0.9133333333333333 0.2173202614379085 0.9311111111111111 0.24019607843137256 0.9311111111111111 0.22385620915032683 0.8799999999999999 0.22058823529411764 0.8222222222222222 0.1797385620915033 0.8511111111111112 0.1797385620915033 0.8822222222222222 0.1911764705882353 0.9133333333333333
0 0.5767973856209151 0.4422222222222222 0.5931372549019608 0.46444444444444444 0.6029411764705883 0.4955555555555555 0.6470588235294118 0.46222222222222226 0.6405228758169935 0.43111111111111106 0.6405228758169935 0.3977777777777778 0.6209150326797386 0.3622222222222222 0.6029411764705883 0.3577777777777778 0.5506535947712419 0.3977777777777778 0.5408496732026143 0.41333333333333333 0.5767973856209151 0.4422222222222222
0 0.6617647058823529 0.46222222222222226 0.7075163398692811 0.47333333333333333 0.7287581699346406 0.4444444444444444 0.7303921568627452 0.39999999999999997 0.7205882352941176 0.37777777777777777 0.7075163398692811 0.3666666666666667 0.6862745098039217 0.35999999999999993 0.6683006535947713 0.36444444444444446 0.6568627450980393 0.3711111111111111 0.6437908496732027 0.39555555555555555 0.6454248366013071 0.43999999999999995 0.6617647058823529 0.46222222222222226
0 0.3545751633986928 0.06222222222222222 0.38562091503267976 0.08444444444444443 0.3921568627450981 0.08 0.3937908496732026 0.05111111111111111 0.38562091503267976 0.024444444444444442 0.37745098039215685 0.015555555555555555 0.3333333333333333 0.008888888888888889 0.3186274509803922 0.024444444444444442 0.3137254901960784 0.04 0.3120915032679739 0.06444444444444444 0.3545751633986928 0.06222222222222222