0 0.38562091503267976 0.7549019607843137 0.4084967320261438 0.7916666666666666 0.43790849673202614 0.8088235294117647 0.46732026143790856 0.8063725490196079 0.5016339869281046 0.7769607843137254 0.5392156862745099 0.7083333333333334 0.5457516339869282 0.6691176470588235 0.5441176470588235 0.6102941176470588 0.5294117647058824 0.5661764705882353 0.5081699346405228 0.5318627450980392 0.46895424836601307 0.5147058823529411 0.4362745098039216 0.5196078431372549 0.4150326797385621 0.5416666666666666 0.39705882352941174 0.573529411764706 0.37745098039215685 0.6446078431372549 0.37581699346405234 0.7083333333333334 0.38562091503267976 0.7549019607843137
0 0.7075163398692811 0.2892156862745098 0.6960784313725491 0.3235294117647059 0.6846405228758171 0.3333333333333333 0.7026143790849674 0.3651960784313726 0.7565359477124184 0.375 0.7826797385620915 0.27941176470588236 0.7352941176470589 0.20833333333333334 0.7238562091503269 0.19607843137254902 0.7140522875816994 0.19607843137254902 0.7156862745098039 0.2450980392156863 0.7075163398692811 0.2892156862745098
0 0.6421568627450981 0.7892156862745098 0.6732026143790851 0.8406862745098039 0.7124183006535949 0.8676470588235294 0.7565359477124184 0.8676470588235294 0.800653594771242 0.8235294117647058 0.8169934640522876 0.7941176470588235 0.8316993464052288 0.7279411764705883 0.8267973856209151 0.6544117647058824 0.803921568627451 0.5808823529411765 0.7712418300653595 0.5367647058823529 0.7287581699346406 0.5147058823529411 0.6846405228758171 0.5245098039215687 0.6454248366013071 0.5588235294117647 0.6356209150326798 0.573529411764706 0.6225490196078431 0.6176470588235294 0.6225490196078431 0.7254901960784315 0.6421568627450981 0.7892156862745098
0 0.3398692810457517 0.4901960784313726 0.36274509803921573 0.5073529411764706 0.380718954248366 0.5367647058823529 0.39052287581699346 0.5784313725490196 0.411764705882353 0.5416666666666666 0.43954248366013077 0.5147058823529411 0.48856209150326796 0.5122549019607844 0.48692810457516345 0.5 0.4493464052287582 0.4534313725490196 0.3921568627450981 0.4240196078431373 0.34313725490196084 0.4338235294117647 0.30718954248366015 0.4730392156862745 0.30228758169934644 0.4852941176470588 0.3398692810457517 0.4901960784313726
0 0.8398692810457518 0.8823529411764706 0.8529411764705883 0.9191176470588235 0.8676470588235295 0.9411764705882354 0.8758169934640523 0.9436274509803921 0.8790849673202615 0.9583333333333334 0.9019607843137256 0.9926470588235294 0.988562091503268 0.9975490196078431 0.9983660130718954 0.9901960784313725 0.9983660130718954 0.6151960784313725 0.9477124183006537 0.6127450980392156 0.9248366013071896 0.6176470588235294 0.8954248366013073 0.6372549019607844 0.8496732026143791 0.7083333333333334 0.8333333333333334 0.7720588235294118 0.8316993464052288 0.8406862745098039 0.8398692810457518 0.8823529411764706
0 0.029411764705882356 0.573529411764706 0.04575163398692811 0.5024509803921569 0.04084967320261438 0.4436274509803922 0.029411764705882356 0.4166666666666667 0.0032679738562091504 0.38480392156862747 0 0.6176470588235294 0.029411764705882356 0.573529411764706
0 0.15522875816993464 0.5514705882352942 0.16993464052287585 0.5784313725490196 0.18954248366013074 0.5955882352941176 0.2173202614379085 0.5955882352941176 0.24183006535947715 0.5857843137254902 0.24836601307189543 0.5490196078431373 0.2777777777777778 0.5 0.26960784313725494 0.4705882352941177 0.2532679738562092 0.44607843137254904 0.2303921568627451 0.42647058823529416 0.21241830065359477 0.4215686274509804 0.19607843137254904 0.4240196078431373 0.173202614379085 0.4411764705882353 0.15032679738562094 0.48284313725490197 0.14869281045751634 0.5147058823529411 0.15522875816993464 0.5514705882352942
0 0 0.6176470588235294 0 0.6299019607843137 0.016339869281045753 0.6372549019607844 0.03104575163398693 0.6740196078431373 0.057189542483660136 0.6862745098039217 0.08986928104575165 0.6372549019607844 0.06699346405228758 0.6029411764705883 0.05065359477124183 0.5490196078431373 0.0392156862745098 0.5514705882352942 0.03104575163398693 0.5808823529411765 0 0.6176470588235294
0 0.2532679738562092 0.6053921568627452 0.29248366013071897 0.6544117647058824 0.31535947712418305 0.6666666666666666 0.3415032679738562 0.6666666666666666 0.35784313725490197 0.6568627450980392 0.3741830065359477 0.6372549019607844 0.3839869281045752 0.6078431372549019 0.3872549019607843 0.573529411764706 0.380718954248366 0.5441176470588235 0.3611111111111111 0.5098039215686275 0.33660130718954256 0.4926470588235294 0.28921568627450983 0.49509803921568624 0.2761437908496732 0.5049019607843137 0.25 0.5514705882352942 0.24673202614379086 0.5833333333333334 0.2532679738562092 0.6053921568627452
0 0.047385620915032685 0.4362745098039216 0.05228758169934641 0.48284313725490197 0.04901960784313726 0.5294117647058824 0.06699346405228758 0.5906862745098039 0.10130718954248366 0.6274509803921569 0.15359477124183007 0.6029411764705883 0.16339869281045752 0.5808823529411765 0.14705882352941177 0.5318627450980392 0.14705882352941177 0.4852941176470588 0.16013071895424838 0.4534313725490196 0.19281045751633988 0.4215686274509804 0.18954248366013074 0.40441176470588236 0.16666666666666666 0.3602941176470588 0.13398692810457516 0.3357843137254902 0.08496732026143793 0.3357843137254902 0.07026143790849673 0.36274509803921573 0.06862745098039216 0.3823529411764706 0.047385620915032685 0.4362745098039216
0 0.3513071895424837 0.3946078431372549 0.3545751633986928 0.3259803921568627 0.3643790849673203 0.2892156862745098 0.3415032679738562 0.28431372549019607 0.3186274509803922 0.30147058823529416 0.30228758169934644 0.3284313725490196 0.2908496732026144 0.3357843137254902 0.2973856209150327 0.3553921568627451 0.3513071895424837 0.3946078431372549
0 0.1323529411764706 0.33088235294117646 0.14705882352941177 0.3382352941176471 0.16830065359477128 0.35784313725490197 0.19607843137254904 0.4117647058823529 0.21241830065359477 0.4019607843137255 0.22385620915032683 0.37990196078431376 0.22385620915032683 0.3480392156862745 0.2107843137254902 0.30392156862745096 0.19281045751633988 0.27450980392156865 0.17483660130718956 0.25980392156862747 0.1454248366013072 0.2450980392156863 0.11764705882352942 0.2450980392156863 0.10294117647058824 0.25490196078431376 0.0866013071895425 0.2892156862745098 0.08823529411764706 0.33088235294117646 0.1323529411764706 0.33088235294117646
0 0.03594771241830066 0.40441176470588236 0.05228758169934641 0.40931372549019607 0.06372549019607844 0.38725490196078427 0.06862745098039216 0.35784313725490197 0.08333333333333333 0.33088235294117646 0.0866013071895425 0.2696078431372549 0.07026143790849673 0.26715686274509803 0.037581699346405234 0.2892156862745098 0.0196078431372549 0.3235294117647059 0.02124183006535948 0.37254901960784315 0.03594771241830066 0.40441176470588236
0 0.09150326797385622 0.7328431372549019 0.10784313725490197 0.7867647058823529 0.11601307189542485 0.7843137254901961 0.1568627450980392 0.7279411764705883 0.23366013071895428 0.7328431372549019 0.26633986928104575 0.7205882352941176 0.32843137254901966 0.7230392156862746 0.37254901960784315 0.7549019607843137 0.37745098039215685 0.7524509803921569 0.36764705882352944 0.6764705882352942 0.35784313725490197 0.6691176470588235 0.32026143790849676 0.6740196078431373 0.2973856209150327 0.6642156862745098 0.24346405228758172 0.6004901960784315 0.19444444444444445 0.6029411764705883 0.15032679738562094 0.6200980392156863 0.08986928104575165 0.6495098039215685 0.06535947712418301 0.6838235294117647 0.06535947712418301 0.696078431372549 0.09150326797385622 0.7328431372549019
0 0.7728758169934641 0.4166666666666667 0.7892156862745098 0.44607843137254904 0.8545751633986929 0.45588235294117646 0.8758169934640523 0.45588235294117646 0.9035947712418301 0.4313725490196078 0.9264705882352942 0.39705882352941174 0.9362745098039217 0.37009803921568624 0.9526143790849674 0.35049019607843135 0.9281045751633988 0.25245098039215685 0.9084967320261439 0.22303921568627452 0.8856209150326798 0.21323529411764708 0.84640522875817 0.2181372549019608 0.815359477124183 0.2426470588235294 0.7892156862745098 0.27941176470588236 0.7647058823529412 0.3480392156862745 0.761437908496732 0.37745098039215685 0.7728758169934641 0.4166666666666667
0 0.02124183006535948 0.9926470588235294 0.0196078431372549 0.982843137254902 0.037581699346405234 0.982843137254902 0.04901960784313726 0.9705882352941176 0.07516339869281047 0.8774509803921569 0.10130718954248366 0.8112745098039217 0.10130718954248366 0.7916666666666666 0.09150326797385622 0.7450980392156863 0.07352941176470588 0.7107843137254902 0.027777777777777776 0.6764705882352942 0.0016339869281045752 0.6446078431372549 0 0.982843137254902 0.02124183006535948 0.9926470588235294
0 0.8676470588235295 0.9950980392156863 0.8545751633986929 0.9632352941176471 0.8300653594771242 0.9264705882352942 0.8055555555555556 0.8995098039215685 0.7696078431372549 0.8774509803921569 0.7075163398692811 0.8774509803921569 0.6748366013071896 0.8921568627450981 0.6486928104575164 0.9264705882352942 0.6290849673202615 0.9730392156862746 0.6258169934640523 0.9975490196078431 0.8676470588235295 0.9950980392156863
0 0.8088235294117647 0.5147058823529411 0.8562091503267975 0.5416666666666666 0.8823529411764706 0.5833333333333334 0.8921568627450981 0.6323529411764706 0.9199346405228759 0.6078431372549019 0.9346405228758171 0.5612745098039216 0.9297385620915034 0.5318627450980392 0.9101307189542484 0.5 0.8643790849673203 0.46568627450980393 0.8088235294117647 0.4607843137254902 0.7712418300653595 0.4901960784313726 0.761437908496732 0.5073529411764706 0.7598039215686275 0.517156862745098 0.8088235294117647 0.5147058823529411
0 0.5114379084967321 0.5269607843137255 0.5375816993464052 0.573529411764706 0.5522875816993464 0.6470588235294118 0.5718954248366013 0.6715686274509804 0.5947712418300654 0.6764705882352942 0.6143790849673203 0.6666666666666666 0.6160130718954249 0.6299019607843137 0.6339869281045751 0.5637254901960784 0.6715686274509804 0.5245098039215687 0.7058823529411765 0.5098039215686275 0.7156862745098039 0.4215686274509804 0.6960784313725491 0.36274509803921573 0.6650326797385622 0.3112745098039216 0.6503267973856209 0.2965686274509804 0.6225490196078431 0.28431372549019607 0.5915032679738563 0.28431372549019607 0.5604575163398693 0.2990196078431373 0.5212418300653595 0.35784313725490197 0.5081699346405228 0.39950980392156865 0.4983660130718955 0.4607843137254902 0.4983660130718955 0.517156862745098 0.5114379084967321 0.5269607843137255
0 0.2450980392156863 0.4338235294117647 0.2712418300653595 0.46813725490196084 0.28104575163398693 0.4926470588235294 0.29575163398692816 0.48774509803921573 0.33496732026143794 0.4362745098039216 0.35620915032679745 0.4215686274509804 0.34803921568627455 0.3946078431372549 0.303921568627451 0.3602941176470588 0.26143790849673204 0.3651960784313726 0.22385620915032683 0.38725490196078427 0.20915032679738563 0.4166666666666667 0.2450980392156863 0.4338235294117647
0 0.12908496732026145 0.23284313725490197 0.16666666666666666 0.25 0.19444444444444445 0.27205882352941174 0.22058823529411764 0.32107843137254904 0.22712418300653597 0.35294117647058826 0.25980392156862747 0.35294117647058826 0.28758169934640526 0.33088235294117646 0.30228758169934644 0.3063725490196078 0.3120915032679739 0.26715686274509803 0.3104575163398693 0.19852941176470587 0.2973856209150327 0.15196078431372548 0.27450980392156865 0.12009803921568628 0.25 0.10294117647058823 0.18627450980392157 0.09313725490196079 0.14705882352941177 0.12009803921568628 0.13398692810457516 0.14705882352941177 0.12745098039215688 0.17647058823529413 0.12908496732026145 0.23284313725490197
0 0.9379084967320261 0.5416666666666666 0.94281045751634 0.5416666666666666 0.9509803921568628 0.5220588235294118 0.9983660130718954 0.47794117647058826 0.9983660130718954 0.34558823529411764 0.9787581699346406 0.34558823529411764 0.9444444444444444 0.3651960784313726 0.900326797385621 0.4436274509803922 0.8986928104575164 0.47794117647058826 0.9379084967320261 0.5416666666666666
0 0.4084967320261438 0.9975490196078431 0.5506535947712419 0.9950980392156863 0.5457516339869282 0.9558823529411765 0.5277777777777778 0.9142156862745098 0.4803921568627451 0.8504901960784315 0.45424836601307195 0.8406862745098039 0.4411764705882353 0.8259803921568627 0.4215686274509804 0.8308823529411765 0.4084967320261438 0.8504901960784315 0.4166666666666667 0.9142156862745098 0.4084967320261438 0.9975490196078431
0 0.5245098039215687 0.9019607843137254 0.5457516339869282 0.9411764705882354 0.553921568627451 0.9803921568627452 0.5669934640522877 0.9950980392156863 0.619281045751634 0.9950980392156863 0.6486928104575164 0.9142156862745098 0.6699346405228759 0.8823529411764706 0.6846405228758171 0.8725490196078431 0.6846405228758171 0.8627450980392156 0.6601307189542484 0.8382352941176471 0.6372549019607844 0.7916666666666666 0.6176470588235294 0.7107843137254902 0.59640522875817 0.7009803921568627 0.5620915032679739 0.7058823529411765 0.5375816993464052 0.7254901960784315 0.5147058823529412 0.7622549019607844 0.4852941176470588 0.8308823529411765 0.4852941176470588 0.8504901960784315 0.5245098039215687 0.9019607843137254
0 0.3643790849673203 0.41911764705882354 0.40686274509803927 0.4240196078431373 0.46895424836601307 0.46568627450980393 0.4918300653594772 0.46813725490196084 0.5163398692810458 0.35784313725490197 0.5392156862745099 0.3161764705882353 0.5065359477124184 0.2426470588235294 0.46895424836601307 0.22549019607843135 0.43790849673202614 0.22549019607843135 0.41830065359477125 0.23284313725490197 0.37254901960784315 0.27941176470588236 0.35620915032679745 0.33088235294117646 0.35294117647058826 0.3823529411764706 0.3643790849673203 0.41911764705882354
0 0.5881520344146978 0.1193286227247479 0.5868022875816994 0.10685539215686275 0.585485294117647 0.10290441176470588 0.5802156862745098 0.10092892156862747 0.5751633986928105 0.10294117647058823 0.5310457516339869 0.10294117647058823 0.4934640522875817 0.13480392156862744 0.4754901960784314 0.1838235294117647 0.4754901960784314 0.22303921568627452 0.5179738562091504 0.2426470588235294 0.5359477124183006 0.16911764705882354 0.565359477124183 0.1323529411764706 0.5881520344146978 0.1193286227247479
0 0.7189542483660132 0.42647058823529416 0.7140522875816994 0.4705882352941177 0.7173202614379085 0.5024509803921569 0.746732026143791 0.4730392156862745 0.7843137254901962 0.4509803921568627 0.758169934640523 0.37990196078431376 0.7352941176470589 0.37009803921568624 0.7091503267973857 0.37009803921568624 0.704248366013072 0.375 0.7189542483660132 0.42647058823529416
0 0.07352941176470588 0.9950980392156863 0.39705882352941174 0.9975490196078431 0.40359477124183013 0.9950980392156863 0.4084967320261438 0.9730392156862746 0.41339869281045755 0.9142156862745098 0.40359477124183013 0.821078431372549 0.369281045751634 0.7598039215686275 0.33496732026143794 0.7303921568627452 0.2679738562091503 0.7254901960784315 0.18308823529411763 0.7371250000000001 0.15871895424836602 0.7381127450980391 0.1323529411764706 0.7892156862745098 0.10130718954248366 0.8455882352941176 0.07679738562091504 0.9215686274509804 0.07026143790849673 0.9632352941176471 0.07352941176470588 0.9950980392156863
0 0.9591503267973857 0.6053921568627452 0.9983660130718954 0.6102941176470588 0.9983660130718954 0.4803921568627451 0.9591503267973857 0.517156862745098 0.9297385620915034 0.5833333333333334 0.9313725490196079 0.6127450980392156 0.9591503267973857 0.6053921568627452
0 0.8431372549019608 0.7107843137254902 0.834967320261438 0.7218137254901961 0.834967320261438 0.7352941176470588 0.8562091503267975 0.6862745098039217 0.8872549019607844 0.6421568627450981 0.8872549019607844 0.6127450980392156 0.8807189542483661 0.5857843137254902 0.8594771241830066 0.5490196078431373 0.8382352941176471 0.5294117647058824 0.8071895424836603 0.517156862745098 0.7826797385620915 0.517156862745098 0.7745098039215687 0.5392156862745098 0.7679738562091504 0.5196078431372549 0.7638533674339301 0.5257885763000852 0.8169934640522876 0.6078431372549019 0.8284313725490198 0.6519607843137254 0.8333333333333334 0.7058823529411765 0.8431372549019608 0.7107843137254902
0 0.5457516339869282 0.30392156862745096 0.5620915032679739 0.286764705882353 0.6094771241830066 0.2769607843137255 0.6552287581699346 0.29411764705882354 0.6846405228758171 0.3284313725490196 0.7026143790849674 0.30392156862745096 0.7156862745098039 0.24019607843137256 0.7124183006535949 0.18872549019607843 0.7026143790849674 0.1642156862745098 0.6781045751633987 0.13480392156862744 0.6437908496732027 0.11764705882352942 0.5980392156862746 0.12009803921568628 0.5686274509803921 0.1323529411764706 0.542483660130719 0.16176470588235295 0.5261437908496732 0.20588235294117646 0.5228758169934641 0.2450980392156863 0.5457516339869282 0.30392156862745096