0 0.4166666666666667 0.7573529411764706 0.4362745098039216 0.7990196078431373 0.4493464052287582 0.8137254901960785 0.4820261437908497 0.8235294117647058 0.5326797385620915 0.821078431372549 0.553921568627451 0.7990196078431373 0.5702614379084968 0.7549019607843137 0.5620915032679739 0.6666666666666666 0.5261437908496732 0.6151960784313725 0.4901960784313726 0.6078431372549019 0.4607843137254902 0.6151960784313725 0.4215686274509804 0.6593137254901961 0.41339869281045755 0.6887254901960785 0.4101307189542484 0.7230392156862746 0.4166666666666667 0.7573529411764706
0 0.5620915032679739 0.6519607843137254 0.573529411764706 0.6813725490196079 0.6209150326797386 0.696078431372549 0.6454248366013071 0.6838235294117647 0.6617647058823529 0.6568627450980392 0.6633986928104576 0.5980392156862746 0.6552287581699346 0.5784313725490196 0.6388888888888888 0.5637254901960784 0.5702614379084968 0.553921568627451 0.5457516339869282 0.5710784313725491 0.5326797385620915 0.5955882352941176 0.5310457516339869 0.6151960784313725 0.5620915032679739 0.6519607843137254
0 0.027777777777777776 0.6102941176470588 0.04084967320261438 0.5441176470588235 0.05228758169934641 0.517156862745098 0.06862745098039216 0.49754901960784315 0.08986928104575165 0.4240196078431373 0.03594771241830066 0.4240196078431373 0.0016339869281045752 0.4362745098039216 0 0.6078431372549019 0.027777777777777776 0.6102941176470588
0 0.6094771241830066 0.9607843137254902 0.619281045751634 0.9730392156862746 0.6617647058823529 0.9975490196078431 0.7892156862745098 0.9950980392156863 0.7990196078431373 0.9852941176470588 0.7990196078431373 0.9264705882352942 0.8137254901960785 0.8308823529411765 0.7990196078431373 0.7916666666666666 0.761437908496732 0.7377450980392156 0.7418300653594772 0.7230392156862746 0.7124183006535949 0.7107843137254902 0.6813725490196079 0.7107843137254902 0.6454248366013071 0.7279411764705883 0.6111111111111112 0.7769607843137254 0.5947712418300654 0.8382352941176471 0.59640522875817 0.9093137254901961 0.6094771241830066 0.9607843137254902
0 0.9950980392156864 0.9926470588235294 0.9983660130718954 0.803921568627451 0.9738562091503269 0.7720588235294118 0.9444444444444444 0.75 0.9052287581699346 0.7450980392156863 0.8611111111111112 0.7720588235294118 0.823529411764706 0.8308823529411765 0.8088235294117647 0.8872549019607844 0.8088235294117647 0.9950980392156863 0.9950980392156864 0.9926470588235294
0 0.032679738562091505 0.6323529411764706 0.027777777777777776 0.6176470588235294 0.0032679738562091504 0.6102941176470588 0 0.6593137254901961 0.032679738562091505 0.6323529411764706
0 0 0.9975490196078431 0.027777777777777776 0.9975490196078431 0.03104575163398693 0.9926470588235294 0.026143790849673203 0.9338235294117647 0.006535947712418301 0.9191176470588235 0 0.9191176470588235 0 0.9975490196078431
0 0.3594771241830066 0.7549019607843137 0.3823529411764706 0.7818627450980392 0.40359477124183013 0.8284313725490196 0.41339869281045755 0.8284313725490196 0.4166666666666667 0.803921568627451 0.40686274509803927 0.7205882352941176 0.37581699346405234 0.678921568627451 0.35784313725490197 0.6715686274509804 0.3316993464052288 0.7058823529411765 0.28431372549019607 0.7205882352941176 0.2826797385620915 0.7279411764705883 0.2761437908496732 0.7205882352941176 0.27450980392156865 0.7254901960784315 0.3594771241830066 0.7549019607843137
0 0.8202614379084968 0.8284313725490196 0.869281045751634 0.7524509803921569 0.8856209150326798 0.7426470588235294 0.9444444444444444 0.7450980392156863 0.9983660130718954 0.7867647058823529 0.9983660130718954 0.6764705882352942 0.9607843137254902 0.6397058823529412 0.9215686274509804 0.6274509803921569 0.8790849673202615 0.6299019607843137 0.8267973856209151 0.6642156862745098 0.7957516339869282 0.7083333333333334 0.7859477124183007 0.7622549019607844 0.8202614379084968 0.8284313725490196
0 0.8300653594771242 0.5 0.8333333333333334 0.4901960784313726 0.8316993464052288 0.4583333333333333 0.8088235294117647 0.4387254901960784 0.7810457516339869 0.4411764705882353 0.7647058823529412 0.4534313725490196 0.758169934640523 0.46813725490196084 0.7598039215686275 0.5049019607843137 0.8300653594771242 0.5
0 0.5408496732026143 0.8308823529411765 0.5751633986928105 0.8700980392156863 0.5866013071895425 0.8700980392156863 0.6013071895424837 0.7916666666666666 0.6258169934640523 0.75 0.6307189542483661 0.7303921568627452 0.5915032679738563 0.6911764705882353 0.5686274509803921 0.6887254901960785 0.5718954248366013 0.7598039215686275 0.5408496732026143 0.8308823529411765
0 0.48856209150326796 0.9975490196078431 0.5147058823529412 0.982843137254902 0.5800653594771242 0.9681372549019608 0.5849673202614379 0.9338235294117647 0.5784313725490197 0.8946078431372549 0.5604575163398693 0.8602941176470588 0.5294117647058824 0.8382352941176471 0.4934640522875817 0.8382352941176471 0.4558823529411765 0.8504901960784315 0.4199346405228759 0.8774509803921569 0.4084967320261438 0.8946078431372549 0.4019607843137255 0.9338235294117647 0.38562091503267976 0.9754901960784315 0.3823529411764706 0.9975490196078431 0.48856209150326796 0.9975490196078431
0 0 0.9093137254901961 0.026143790849673203 0.9117647058823529 0.09313725490196079 0.7867647058823529 0.13071895424836602 0.7426470588235294 0.13398692810457516 0.7156862745098039 0.11764705882352942 0.6666666666666666 0.08006535947712419 0.6372549019607844 0.04248366013071896 0.6348039215686275 0.006535947712418301 0.6593137254901961 0 0.6691176470588235 0 0.9093137254901961
0 0.029411764705882356 0.9656862745098039 0.0392156862745098 0.9975490196078431 0.37254901960784315 0.9975490196078431 0.39705882352941174 0.9313725490196079 0.40359477124183013 0.8897058823529412 0.40359477124183013 0.8455882352941176 0.3839869281045752 0.7916666666666666 0.36764705882352944 0.7671568627450981 0.33496732026143794 0.7426470588235294 0.3055555555555556 0.7328431372549019 0.17156862745098042 0.7303921568627452 0.1388888888888889 0.7475490196078431 0.10457516339869281 0.7843137254901961 0.05882352941176471 0.8553921568627452 0.03594771241830066 0.9068627450980392 0.029411764705882356 0.928921568627451 0.029411764705882356 0.9656862745098039
0 0.3709150326797386 0.6715686274509804 0.40686274509803927 0.7058823529411765 0.41830065359477125 0.6593137254901961 0.434640522875817 0.6348039215686275 0.46568627450980393 0.6078431372549019 0.49509803921568635 0.6029411764705883 0.45424836601307195 0.5784313725490196 0.39542483660130723 0.5637254901960784 0.36601307189542487 0.6495098039215685 0.3643790849673203 0.6617647058823529 0.3709150326797386 0.6715686274509804
0 0.7222222222222222 0.6029411764705883 0.7630718954248367 0.6274509803921569 0.7990196078431373 0.6887254901960785 0.8398692810457518 0.6470588235294118 0.8758169934640523 0.625 0.9199346405228759 0.6176470588235294 0.9084967320261439 0.5955882352941176 0.8807189542483661 0.5710784313725491 0.8562091503267975 0.5343137254901961 0.8186274509803922 0.5049019607843137 0.7549019607843137 0.5122549019607844 0.7336601307189542 0.5367647058823529 0.7189542483660132 0.573529411764706 0.7173202614379085 0.5906862745098039 0.7222222222222222 0.6029411764705883
0 0.037581699346405234 0.6299019607843137 0.08006535947712419 0.6323529411764706 0.11722875816993465 0.6679730392156863 0.14686437908496733 0.7381127450980391 0.19691830065359478 0.7183553921568628 0.15279248366013073 0.684767156862745 0.08496732026143793 0.573529411764706 0.07026143790849673 0.5024509803921569 0.05228758169934641 0.5220588235294118 0.03431372549019608 0.5784313725490196 0.032679738562091505 0.6200980392156863 0.037581699346405234 0.6299019607843137
0 0.39705882352941174 0.5147058823529411 0.39542483660130723 0.5416666666666666 0.39705882352941174 0.5514705882352942 0.40686274509803927 0.5588235294117647 0.5245098039215687 0.6004901960784315 0.5457516339869282 0.5661764705882353 0.5604575163398693 0.553921568627451 0.5833333333333334 0.5465686274509804 0.6225490196078431 0.5514705882352942 0.6274509803921569 0.5441176470588235 0.6290849673202615 0.46568627450980393 0.6241830065359478 0.4485294117647059 0.607843137254902 0.4215686274509804 0.607843137254902 0.40686274509803927 0.5980392156862746 0.39950980392156865 0.5980392156862746 0.38725490196078427 0.585485294117647 0.38741421568627454 0.580874183006536 0.37951225490196083 0.5749477124183007 0.3735833333333333 0.5637254901960784 0.3651960784313726 0.5359477124183006 0.37254901960784315 0.43954248366013077 0.37254901960784315 0.40522875816993464 0.39705882352941174 0.38562091503267976 0.4240196078431373 0.3839869281045752 0.4411764705882353 0.39705882352941174 0.5147058823529411
0 0.6617647058823529 0.7058823529411765 0.7254901960784315 0.7083333333333334 0.7761437908496732 0.75 0.7826797385620915 0.7475490196078431 0.7941176470588235 0.7058823529411765 0.792483660130719 0.6862745098039217 0.7630718954248367 0.6323529411764706 0.7254901960784315 0.6078431372549019 0.6846405228758171 0.6078431372549019 0.6732026143790851 0.6151960784313725 0.6584967320261439 0.678921568627451 0.6568627450980393 0.6936274509803921 0.6617647058823529 0.7058823529411765
0 0.6535947712418301 0.9975490196078431 0.6307189542483661 0.982843137254902 0.5866013071895425 0.9730392156862746 0.5081699346405228 0.9926470588235294 0.5032679738562092 0.9975490196078431 0.6535947712418301 0.9975490196078431
0 0.6388888888888888 0.5563725490196079 0.6830065359477124 0.5857843137254902 0.7058823529411765 0.5906862745098039 0.7303921568627452 0.5318627450980392 0.7516339869281047 0.5024509803921569 0.7532679738562092 0.46568627450980393 0.704248366013072 0.4166666666666667 0.6715686274509804 0.40931372549019607 0.6421568627450981 0.4338235294117647 0.6356209150326798 0.4852941176470588 0.6339869281045751 0.5294117647058824 0.6388888888888888 0.5563725490196079
0 0.8741830065359478 0.5588235294117647 0.9084967320261439 0.5906862745098039 0.9264705882352942 0.625 0.9444444444444444 0.6323529411764706 0.9656862745098039 0.6274509803921569 0.9689542483660132 0.5833333333333334 0.9526143790849674 0.5490196078431373 0.9068627450980393 0.5245098039215687 0.8725490196078431 0.5294117647058824 0.869281045751634 0.5465686274509804 0.8741830065359478 0.5588235294117647
0 0.07679738562091504 0.5269607843137255 0.09803921568627452 0.5980392156862746 0.1568627450980392 0.6838235294117647 0.19771241830065361 0.7132352941176471 0.30718954248366015 0.7083333333333334 0.33660130718954256 0.696078431372549 0.35620915032679745 0.6642156862745098 0.3872549019607843 0.5661764705882353 0.3888888888888889 0.4926470588235294 0.37254901960784315 0.4215686274509804 0.34477124183006536 0.37254901960784315 0.31535947712418305 0.3357843137254902 0.2990196078431373 0.3259803921568627 0.21241830065359477 0.32107843137254904 0.16339869281045752 0.3382352941176471 0.12091503267973858 0.37745098039215685 0.10457516339869281 0.4019607843137255 0.08006535947712419 0.4705882352941177 0.07516339869281047 0.4901960784313726 0.07679738562091504 0.5269607843137255
0 0.9983660130718954 0.6740196078431373 0.9983660130718954 0.6127450980392156 0.9754901960784315 0.625 0.9722222222222222 0.6397058823529412 0.9983660130718954 0.6740196078431373