0 0.5677083333333334 0.5703125 0.5729166666666666 0.4140625 0.5260416666666666 0.4140625 0.5052083333333334 0.4609375 0.5052083333333334 0.53125 0.5677083333333334 0.5703125
0 0.8645833333333334 0.03125 0.8802083333333334 0.0703125 0.9166666666666666 0.078125 0.9427083333333334 0.046875 0.9375 0 0.8645833333333334 0 0.8645833333333334 0.03125
0 0.5989583333333334 0.7890625 0.65625 0.7734375 0.71875 0.671875 0.7083333333333334 0.5859375 0.625 0.6171875 0.578125 0.578125 0.5572916666666666 0.6171875 0.5625 0.7421875 0.5989583333333334 0.7890625
0 0.421875 0.5 0.4947916666666667 0.5 0.5052083333333334 0.421875 0.4479166666666667 0.3671875 0.421875 0.3828125 0.40625 0.4296875 0.421875 0.5
0 0.9947916666666666 0.9921875 0.9947916666666666 0.9609375 0.96875 0.9296875 0.890625 0.9765625 0.8854166666666666 0.9921875 0.9947916666666666 0.9921875
0 0.11458333333333333 0.78125 0.15104166666666666 0.7890625 0.18229166666666666 0.765625 0.1875 0.6875 0.16666666666666666 0.6328125 0.11458333333333333 0.6171875 0.09375 0.6640625 0.09375 0.734375 0.11458333333333333 0.78125
0 0.8854166666666666 0.7109375 0.9114583333333334 0.7109375 0.9322916666666666 0.6796875 0.921875 0.625 0.90625 0.625 0.8697916666666666 0.6796875 0.8854166666666666 0.7109375
0 0 0.2890625 0.06770833333333333 0.2578125 0.057291666666666664 0.125 0.026041666666666668 0.078125 0 0.078125 0 0.2890625
0 0.9947916666666666 0.9375 0.9947916666666666 0.7421875 0.953125 0.734375 0.9375 0.7578125 0.9635416666666666 0.8984375 0.9947916666666666 0.9375
0 0.2864583333333333 0.875 0.3229166666666667 0.859375 0.3697916666666667 0.796875 0.359375 0.71875 0.34375 0.7109375 0.2760416666666667 0.71875 0.24479166666666666 0.765625 0.25 0.828125 0.2864583333333333 0.875
0 0.4739583333333333 0.796875 0.5104166666666666 0.828125 0.5625 0.828125 0.578125 0.7890625 0.546875 0.6796875 0.4947916666666667 0.640625 0.4635416666666667 0.65625 0.453125 0.71875 0.4739583333333333 0.796875
0 0.2552083333333333 0.96875 0.2760416666666667 0.96875 0.2916666666666667 0.90625 0.234375 0.7890625 0.18229166666666666 0.8046875 0.1875 0.890625 0.2552083333333333 0.96875
0 0.19791666666666666 0.2109375 0.23958333333333334 0.2109375 0.2604166666666667 0.171875 0.24479166666666666 0.1015625 0.22395833333333334 0.078125 0.1875 0.09375 0.16666666666666666 0.15625 0.19791666666666666 0.2109375
0 0.2708333333333333 0.453125 0.2604166666666667 0.3125 0.23958333333333334 0.3203125 0.22916666666666666 0.4140625 0.2708333333333333 0.453125
0 0.2552083333333333 0.7265625 0.328125 0.6953125 0.3854166666666667 0.734375 0.4270833333333333 0.671875 0.421875 0.6328125 0.3125 0.5390625 0.28125 0.5390625 0.24479166666666666 0.6015625 0.234375 0.6875 0.2552083333333333 0.7265625
0 0.078125 0.2421875 0.109375 0.28125 0.17708333333333334 0.203125 0.13541666666666666 0.109375 0.09375 0.125 0.078125 0.1484375 0.078125 0.2421875
0 0.13020833333333334 0.46875 0.21354166666666666 0.40625 0.234375 0.34375 0.2568489583333333 0.2767734375 0.25223958333333335 0.2382421875 0.21733333333333335 0.2244140625 0.18229166666666666 0.234375 0.09895833333333333 0.3125 0.10416666666666667 0.3984375 0.13020833333333334 0.46875
0 0.140625 0.5859375 0.171875 0.609375 0.23958333333333334 0.5859375 0.2708333333333333 0.5234375 0.22916666666666666 0.421875 0.125 0.484375 0.11979166666666667 0.53125 0.140625 0.5859375
0 0.7291666666666666 0.5 0.7760416666666666 0.484375 0.8385416666666666 0.3671875 0.828125 0.265625 0.7864583333333334 0.2265625 0.7395833333333334 0.25 0.6927083333333334 0.3359375 0.6875 0.375 0.7291666666666666 0.5
0 0.11458333333333333 0.59375 0.13020833333333334 0.5703125 0.10416666666666667 0.484375 0.07291666666666667 0.5234375 0.07291666666666667 0.578125 0.11458333333333333 0.59375
0 0.625 0.6015625 0.6875 0.5859375 0.71875 0.5234375 0.703125 0.4140625 0.6510416666666666 0.34375 0.6041666666666666 0.3515625 0.5833333333333334 0.3828125 0.5833333333333334 0.546875 0.625 0.6015625
0 0.6458333333333334 0.203125 0.6875 0.1328125 0.671875 0.09375 0.6302083333333334 0.078125 0.6145833333333334 0.1171875 0.6458333333333334 0.203125
0 0.046875 0.5546875 0.09375 0.4375 0.09375 0.359375 0.07291666666666667 0.3203125 0.005208333333333333 0.3125 0 0.5703125 0.046875 0.5546875
0 0.4140625 0.9921875 0.42347395833333334 0.992 0.4427083333333333 0.9921875 0.4166666666666667 0.9609375 0.3385416666666667 0.9765625 0.328125 0.9921875 0.4140625 0.9921875
0 0.9427083333333334 0.6015625 0.9739583333333334 0.5703125 0.953125 0.546875 0.9375 0.5703125 0.9427083333333334 0.6015625
0 0.8072916666666666 0.8359375 0.8333333333333334 0.7421875 0.7760416666666666 0.796875 0.7708333333333334 0.828125 0.8072916666666666 0.8359375
0 0.3177083333333333 0.953125 0.4114583333333333 0.9453125 0.4270833333333333 0.8828125 0.4166666666666667 0.828125 0.4010416666666667 0.8046875 0.3541666666666667 0.828125 0.3125 0.890625 0.3177083333333333 0.953125
0 0.453125 0.9921875 0.609375 0.9921875 0.546875 0.859375 0.4947916666666667 0.84375 0.4583333333333333 0.875 0.4427083333333333 0.9296875 0.453125 0.9921875
0 0.4635416666666667 0.375 0.5364583333333334 0.3984375 0.6145833333333334 0.328125 0.6354166666666666 0.265625 0.6354166666666666 0.1875 0.5729166666666666 0.0859375 0.5052083333333334 0.0859375 0.4479166666666667 0.1484375 0.4322916666666667 0.2734375 0.4635416666666667 0.375
0 0.25 0.9921875 0.203125 0.9296875 0.16145833333333334 0.9453125 0.13541666666666666 0.9921875 0.25 0.9921875
0 0.8697916666666666 0.1484375 0.8645833333333334 0.0859375 0.8333333333333334 0.0390625 0.8020833333333334 0.0390625 0.7708333333333334 0.09375 0.7708333333333334 0.15625 0.8697916666666666 0.1484375
0 0.6822916666666666 0.3203125 0.7604166666666666 0.2109375 0.7552083333333334 0.15625 0.71875 0.125 0.6614583333333334 0.171875 0.6510416666666666 0.2734375 0.6822916666666666 0.3203125
0 0.2760416666666667 0.1484375 0.34375 0.0234375 0.3333333333333333 0 0.22916666666666666 0 0.22395833333333334 0.0390625 0.2760416666666667 0.1484375