0 0.7696078431372549 0.4038929440389295 0.7973856209150327 0.4209245742092457 0.84640522875817 0.4257907542579076 0.8774509803921569 0.4209245742092457 0.9019607843137256 0.4038929440389295 0.9133986928104576 0.3698296836982969 0.94281045751634 0.3163017031630171 0.9379084967320261 0.2798053527980536 0.9068627450980393 0.23600973236009734 0.8872549019607844 0.22871046228710465 0.834967320261438 0.22871046228710465 0.8022875816993464 0.24087591240875914 0.7745098039215687 0.26763990267639903 0.7647058823529412 0.2822384428223844 0.7516339869281047 0.3333333333333333 0.7516339869281047 0.3746958637469586 0.7696078431372549 0.4038929440389295
0 0.4493464052287582 0.7883211678832117 0.4820261437908497 0.8296836982968371 0.5147058823529412 0.8199513381995134 0.5229183006535948 0.7735717761557177 0.5375816993464052 0.7980535279805353 0.5522875816993464 0.7639902676399026 0.5522875816993464 0.7372262773722628 0.542483660130719 0.708029197080292 0.5294117647058824 0.6885644768856447 0.5032679738562092 0.6715328467153285 0.46895424836601307 0.6788321167883212 0.45915032679738566 0.6909975669099757 0.44607843137254904 0.7274939172749392 0.4444444444444444 0.7615571776155718 0.4493464052287582 0.7883211678832117
0 0.5277777777777778 0.36009732360097324 0.5522875816993464 0.34549878345498786 0.6062091503267973 0.34306569343065696 0.6029411764705883 0.3236009732360098 0.573529411764706 0.29440389294403896 0.553921568627451 0.29440389294403896 0.5277777777777778 0.31386861313868614 0.5163398692810458 0.3309002433090025 0.5277777777777778 0.36009732360097324
0 0.6290849673202615 0.3722627737226278 0.6617647058823529 0.34549878345498786 0.6606960784313727 0.34144038929440385 0.6559542483660131 0.34109489051094893 0.6503267973856209 0.340632603406326 0.619281045751634 0.34549878345498786 0.6143790849673203 0.35279805352798055 0.6290849673202615 0.3722627737226278
0 0.5588235294117647 0.43552311435523117 0.5980392156862746 0.4987834549878346 0.6013071895424837 0.49391727493917276 0.6029411764705883 0.4282238442822384 0.6143790849673203 0.39172749391727496 0.6258169934640523 0.3746958637469586 0.6225490196078431 0.36496350364963503 0.6062091503267973 0.35036496350364965 0.5571895424836601 0.3479318734793187 0.5359477124183006 0.35766423357664234 0.5212418300653595 0.38442822384428227 0.5179738562091504 0.40145985401459855 0.5588235294117647 0.43552311435523117
0 0.7647058823529412 0.6885644768856447 0.7826797385620915 0.7177615571776157 0.8137254901960785 0.7396593673965938 0.8333333333333334 0.7177615571776157 0.8398692810457518 0.6690997566909976 0.8333333333333334 0.6253041362530415 0.8169934640522876 0.5961070559610706 0.792483660130719 0.5888077858880779 0.7761437908496732 0.5936739659367397 0.7647058823529412 0.6082725060827251 0.7549019607843137 0.6520681265206812 0.7532679738562092 0.683698296836983 0.7647058823529412 0.6885644768856447
0 0.7434640522875817 0.5596107055961071 0.7647058823529412 0.586374695863747 0.7843137254901962 0.5766423357664233 0.8447712418300654 0.5815085158150852 0.8611111111111112 0.5596107055961071 0.8709150326797386 0.5279805352798054 0.8660130718954249 0.48175182481751827 0.8431372549019608 0.4598540145985402 0.8333333333333334 0.43309002433090027 0.8104575163398693 0.4282238442822384 0.7826797385620915 0.43309002433090027 0.761437908496732 0.45012165450121655 0.746732026143791 0.4744525547445256 0.738562091503268 0.5109489051094891 0.738562091503268 0.5450121654501217 0.7434640522875817 0.5596107055961071
0 0.4411764705882353 0.16545012165450124 0.4526143790849673 0.18491484184914844 0.4607843137254902 0.18248175182481752 0.4722222222222222 0.16058394160583941 0.48692810457516345 0.15328467153284672 0.4722222222222222 0.13381995133819952 0.44771241830065367 0.14355231143552313 0.4411764705882353 0.15328467153284672 0.4411764705882353 0.16545012165450124
0 0.45915032679738566 0.38929440389294406 0.4836601307189543 0.38442822384428227 0.5130718954248367 0.39416058394160586 0.5245098039215687 0.36496350364963503 0.5130718954248367 0.3333333333333333 0.477124183006536 0.30413625304136255 0.44607843137254904 0.31386861313868614 0.4281045751633987 0.34306569343065696 0.423202614379085 0.36739659367396593 0.45915032679738566 0.38929440389294406
0 0.7205882352941176 0.6545012165450123 0.7320261437908497 0.7007299270072993 0.7450980392156863 0.6982968369829684 0.7630718954248367 0.5961070559610706 0.746732026143791 0.5693430656934306 0.7173202614379085 0.5474452554744526 0.6911764705882354 0.6082725060827251 0.6895424836601307 0.6131386861313869 0.7205882352941176 0.6545012165450123
0 0.3207320261437909 0.8628126520681265 0.2989983660130719 0.9608807785888079 0.33126960784313725 0.991279805352798 0.3622238562091504 0.9863771289537714 0.3826388888888889 0.9814744525547446 0.40173856209150327 0.9648029197080292 0.40832516339869285 0.932440389294404 0.4116176470588236 0.9294987834549879 0.42017973856209145 0.9245961070559611 0.4281045751633987 0.9099756690997567 0.4428104575163399 0.902676399026764 0.43269281045751634 0.8912530413625305 0.42610620915032676 0.8814452554744526 0.39515359477124185 0.8628126520681265 0.3622238562091504 0.8628126520681265 0.34905228758169937 0.8628126520681265 0.34312418300653597 0.8579099756690999 0.3398316993464053 0.8500632603406325 0.33660130718954256 0.8321167883211679 0.3207320261437909 0.8628126520681265
0 0.6683006535947713 0.19221411192214113 0.6781045751633987 0.24087591240875914 0.7222222222222222 0.24087591240875914 0.7238562091503269 0.17518248175182483 0.7058823529411765 0.13138686131386862 0.6781045751633987 0.10948905109489052 0.6633986928104576 0.10948905109489052 0.6421568627450981 0.12895377128953772 0.6372549019607844 0.14598540145985403 0.6683006535947713 0.19221411192214113
0 0.2712418300653595 0.7761557177615572 0.3055555555555556 0.8199513381995134 0.32679738562091504 0.7785888077858881 0.3333333333333333 0.7761557177615572 0.3382352941176471 0.7883211678832117 0.34803921568627455 0.7761557177615572 0.34640522875817 0.7420924574209246 0.33660130718954256 0.7104622871046229 0.3120915032679739 0.683698296836983 0.29248366013071897 0.683698296836983 0.2761437908496732 0.6934306569343066 0.2581699346405229 0.7153284671532847 0.25 0.7372262773722628 0.25 0.7761557177615572 0.2712418300653595 0.7761557177615572
0 0.4624183006535948 0.19464720194647203 0.4803921568627451 0.17761557177615572 0.5114379084967321 0.17518248175182483 0.5196078431372549 0.16788321167883213 0.49673202614379086 0.15571776155717762 0.4803921568627451 0.15571776155717762 0.4705882352941177 0.16058394160583941 0.46693954248366015 0.1694793187347932 0.4607843137254902 0.17518248175182483 0.4575163398692811 0.1873479318734793 0.4624183006535948 0.19464720194647203
0 0.3594771241830066 0.7688564476885645 0.4084967320261438 0.7566909975669099 0.43954248366013077 0.781021897810219 0.44607843137254904 0.7177615571776157 0.4558823529411765 0.6909975669099757 0.47875816993464054 0.661800486618005 0.4493464052287582 0.6374695863746959 0.4281045751633987 0.6082725060827251 0.4166666666666667 0.6058394160583942 0.3921568627450981 0.6277372262773723 0.36764705882352944 0.6666666666666666 0.35784313725490197 0.6934306569343066 0.3545751633986928 0.759124087591241 0.3594771241830066 0.7688564476885645
0 0.5637254901960784 0.10462287104622872 0.5833333333333334 0.10948905109489052 0.59640522875817 0.09002433090024331 0.5996732026143791 0.06569343065693431 0.5882352941176471 0.051094890510948905 0.5751633986928105 0.04866180048661801 0.5506535947712419 0.07542579075425791 0.5490196078431373 0.08759124087591241 0.5637254901960784 0.10462287104622872
0 0.6225490196078431 0.4525547445255475 0.6633986928104576 0.45012165450121655 0.7107843137254902 0.4744525547445256 0.7222222222222222 0.4914841849148419 0.7271241830065359 0.5158150851581509 0.7369281045751634 0.49635036496350365 0.738562091503268 0.464720194647202 0.7320261437908497 0.43309002433090027 0.7075163398692811 0.38929440389294406 0.6895424836601307 0.3746958637469586 0.6503267973856209 0.3625304136253042 0.6339869281045751 0.3722627737226278 0.6176470588235294 0.39172749391727496 0.6062091503267973 0.4282238442822384 0.607843137254902 0.4671532846715329 0.6225490196078431 0.4525547445255475
0 0.46895424836601307 0.29440389294403896 0.49673202614379086 0.29683698296836986 0.5212418300653595 0.31386861313868614 0.5571895424836601 0.28953771289537716 0.5506535947712419 0.24330900243309003 0.5506535947712419 0.19221411192214113 0.5310457516339869 0.170316301703163 0.49509803921568635 0.17274939172749393 0.4722222222222222 0.18248175182481752 0.46568627450980393 0.18978102189781024 0.4558823529411765 0.22627737226277375 0.4558823529411765 0.27007299270072993 0.46895424836601307 0.29440389294403896
0 0.39052287581699346 0.5279805352798054 0.40686274509803927 0.44525547445255476 0.42647058823529416 0.41362530413625304 0.4526143790849673 0.38929440389294406 0.42647058823529416 0.3746958637469586 0.40359477124183013 0.3746958637469586 0.37745098039215685 0.3965936739659368 0.35294117647058826 0.43795620437956206 0.3513071895424837 0.4768856447688564 0.39052287581699346 0.5279805352798054
0 0.22875816993464054 0.6009732360097324 0.25 0.6399026763990269 0.2761437908496732 0.6642335766423358 0.3088235294117647 0.6763990267639903 0.34640522875817 0.6739659367396593 0.3611111111111111 0.6642335766423358 0.400326797385621 0.6131386861313869 0.400326797385621 0.5693430656934306 0.3839869281045752 0.5255474452554745 0.369281045751634 0.5012165450121655 0.3300653594771242 0.4598540145985402 0.27450980392156865 0.4525547445255475 0.24836601307189543 0.46958637469586373 0.2222222222222222 0.51338199513382 0.22058823529411764 0.5596107055961071 0.22875816993464054 0.6009732360097324
0 0.4199346405228759 0.5961070559610706 0.44771241830065367 0.6301703163017032 0.4836601307189543 0.6545012165450123 0.5212418300653595 0.6666666666666666 0.5506535947712419 0.6642335766423358 0.5980392156862746 0.5839416058394161 0.5980392156862746 0.5158150851581509 0.5849673202614379 0.48175182481751827 0.5555555555555556 0.43795620437956206 0.4934640522875817 0.39172749391727496 0.46732026143790856 0.38929440389294406 0.43137254901960786 0.41362530413625304 0.4101307189542484 0.44768856447688565 0.400326797385621 0.48661800486618007 0.39705882352941174 0.5304136253041363 0.4199346405228759 0.5961070559610706
0 0.5637254901960784 0.759124087591241 0.5882352941176471 0.8126520681265207 0.6013071895424837 0.8126520681265207 0.6290849673202615 0.7883211678832117 0.6813725490196079 0.759124087591241 0.6862745098039217 0.7737226277372263 0.6601307189542484 0.805352798053528 0.6388888888888888 0.8199513381995134 0.6339869281045751 0.8272506082725061 0.6372549019607844 0.8345498783454988 0.6601307189542484 0.8491484184914841 0.704248366013072 0.8491484184914841 0.7222222222222222 0.8418491484184915 0.738562091503268 0.8223844282238444 0.7271241830065359 0.6885644768856447 0.7156862745098039 0.6520681265206812 0.6960784313725491 0.6253041362530415 0.6503267973856209 0.6058394160583942 0.6013071895424837 0.6131386861313869 0.5767973856209151 0.6399026763990269 0.5604575163398693 0.6715328467153285 0.5588235294117647 0.7274939172749392 0.5637254901960784 0.759124087591241
0 0.5604575163398693 0.2725060827250608 0.5686274509803921 0.28710462287104627 0.5915032679738563 0.29927007299270075 0.6094771241830066 0.31873479318734793 0.6225490196078431 0.31873479318734793 0.6421568627450981 0.30413625304136255 0.6699346405228759 0.24087591240875914 0.6699346405228759 0.20437956204379562 0.6535947712418301 0.16788321167883213 0.6160130718954249 0.1362530413625304 0.5931372549019608 0.13381995133819952 0.5751633986928105 0.14355231143552313 0.5620915032679739 0.16058394160583941 0.553921568627451 0.1873479318734793 0.5522875816993464 0.23114355231143552 0.5604575163398693 0.2725060827250608
0 0.6045751633986929 0.5693430656934306 0.6290849673202615 0.6009732360097324 0.6797385620915034 0.6058394160583942 0.69281045751634 0.5961070559610706 0.7238562091503269 0.5231143552311436 0.7205882352941176 0.49391727493917276 0.7075163398692811 0.4744525547445256 0.6601307189542484 0.4525547445255475 0.6372549019607844 0.4574209245742093 0.607843137254902 0.48661800486618007 0.6029411764705883 0.5060827250608273 0.6045751633986929 0.5693430656934306
0 0.5522875816993464 0.18004866180048662 0.5718954248366013 0.14355231143552313 0.5898692810457516 0.12895377128953772 0.5767973856209151 0.11435523114355232 0.565359477124183 0.11192214111922141 0.5375816993464052 0.12165450121654502 0.5277777777777778 0.1411192214111922 0.5245098039215687 0.1630170316301703 0.5522875816993464 0.18004866180048662
0 0.704248366013072 0.3819951338199513 0.7303921568627452 0.4209245742092457 0.738562091503268 0.4209245742092457 0.7516339869281047 0.39416058394160586 0.746732026143791 0.35279805352798055 0.758169934640523 0.29197080291970806 0.7287581699346406 0.28710462287104627 0.7026143790849674 0.29440389294403896 0.6781045751633987 0.3163017031630171 0.6666666666666666 0.340632603406326 0.6683006535947713 0.3625304136253042 0.704248366013072 0.3819951338199513
0 0.4577189542483661 0.9628418491484185 0.4853790849673203 0.9824549878345499 0.49920915032679747 0.985396593673966 0.5150163398692811 0.9667639902676399 0.5413594771241831 0.9667639902676399 0.6052418300653595 0.9922603406326035 0.6375130718954248 0.954014598540146 0.6019493464052288 0.8490827250608274 0.5453104575163399 0.8245669099756691 0.5065359477124184 0.8296836982968371 0.4901960784313726 0.8394160583941606 0.45915032679738566 0.8905109489051095 0.4607843137254902 0.929440389294404 0.4577189542483661 0.9628418491484185
0 0.5343137254901961 0.11678832116788322 0.565359477124183 0.11192214111922141 0.5506535947712419 0.09002433090024331 0.5277777777777778 0.09732360097323602 0.5228758169934641 0.1070559610705596 0.5343137254901961 0.11678832116788322
0 0.48856209150326796 0.15328467153284672 0.5114379084967321 0.16058394160583941 0.5212418300653595 0.16058394160583941 0.5359477124183006 0.12408759124087591 0.5212418300653595 0.10948905109489052 0.4934640522875817 0.10948905109489052 0.4754901960784314 0.12165450121654502 0.4705882352941177 0.13381995133819952 0.48856209150326796 0.15328467153284672