0 0.6145833333333334 0.4375 0.6354166666666666 0.4140625 0.6145833333333334 0.375 0.5833333333333334 0.390625 0.578125 0.4140625 0.6145833333333334 0.4375
0 0.3541666666666667 0.71875 0.4583333333333333 0.703125 0.5 0.6171875 0.5 0.5625 0.4739583333333333 0.5078125 0.3333333333333333 0.484375 0.3020833333333333 0.5234375 0.2916666666666667 0.640625 0.3541666666666667 0.71875
0 0.75 0.71875 0.8125 0.765625 0.84375 0.7578125 0.875 0.671875 0.859375 0.6015625 0.8020833333333334 0.546875 0.734375 0.5703125 0.7291666666666666 0.6796875 0.75 0.71875
0 0.078125 0.65625 0.14583333333333334 0.6484375 0.16145833333333334 0.578125 0.203125 0.53125 0.1875 0.4921875 0.13020833333333334 0.453125 0.041666666666666664 0.484375 0.03125 0.609375 0.078125 0.65625
0 0.20833333333333334 0.515625 0.23958333333333334 0.5 0.24479166666666666 0.4375 0.21354166666666666 0.3828125 0.15104166666666666 0.390625 0.13020833333333334 0.4453125 0.20833333333333334 0.515625
0 0.4635416666666667 0.3125 0.453125 0.2578125 0.3958333333333333 0.2578125 0.3958333333333333 0.328125 0.4635416666666667 0.3125
0 0.1875 0.734375 0.28125 0.75 0.3020833333333333 0.71875 0.28125 0.6328125 0.2864583333333333 0.53125 0.21875 0.53125 0.16666666666666666 0.5859375 0.16145833333333334 0.6796875 0.1875 0.734375
0 0.5416666666666666 0.640625 0.5677083333333334 0.671875 0.6197916666666666 0.671875 0.640625 0.6484375 0.65625 0.5546875 0.6197916666666666 0.453125 0.5625 0.4296875 0.5208333333333334 0.46875 0.515625 0.5703125 0.5416666666666666 0.640625
0 0.84375 0.5625 0.875 0.6171875 0.9010416666666666 0.6171875 0.9479166666666666 0.5625 0.9322916666666666 0.484375 0.8958333333333334 0.4453125 0.8333333333333334 0.4375 0.7864583333333334 0.4921875 0.7864583333333334 0.53125 0.84375 0.5625
0 0.3489583333333333 0.4765625 0.4895833333333333 0.5 0.5260416666666666 0.4453125 0.5208333333333334 0.3671875 0.46875 0.3203125 0.390625 0.3359375 0.3385416666666667 0.40625 0.3333333333333333 0.4453125 0.3489583333333333 0.4765625
0 0.5833333333333334 0.9140625 0.6197916666666666 0.8828125 0.6354166666666666 0.8203125 0.609375 0.75 0.5677083333333334 0.734375 0.4947916666666667 0.75 0.4635416666666667 0.78125 0.4635416666666667 0.828125 0.5833333333333334 0.9140625
0 0.625 0.7578125 0.6458333333333334 0.8125 0.671875 0.7890625 0.6770833333333334 0.7265625 0.6458333333333334 0.671875 0.5833333333333334 0.6953125 0.5729166666666666 0.7265625 0.625 0.7578125