0 0.8385416666666666 0.4296875 0.921875 0.4140625 0.953125 0.359375 0.953125 0.2890625 0.9166666666666666 0.2421875 0.875 0.234375 0.8177083333333334 0.296875 0.8020833333333334 0.34375 0.8385416666666666 0.4296875
0 0.5578229166666667 0.41013281250000005 0.5729166666666666 0.4375 0.5833333333333334 0.34375 0.5520833333333334 0.328125 0.5364583333333334 0.3515625 0.53125 0.390625 0.5578229166666667 0.41013281250000005
0 0.4427083333333333 0.5078125 0.4947916666666667 0.609375 0.5885416666666666 0.5703125 0.5833333333333334 0.4921875 0.5520833333333334 0.421875 0.5 0.3828125 0.4583333333333333 0.390625 0.4427083333333333 0.4140625 0.4427083333333333 0.5078125
0 0.796875 0.84375 0.8645833333333334 0.8671875 0.921875 0.8359375 0.9375 0.78125 0.9720781250000001 0.7687343750000001 0.9911770833333334 0.7391015625 0.9964427083333334 0.7005703125000001 0.9957864583333333 0.6492031250000001 0.9839322916666666 0.60475 0.9516614583333334 0.578078125 0.859375 0.578125 0.8020833333333334 0.6328125 0.7760416666666666 0.7109375 0.796875 0.84375
0 0.546875 0.8203125 0.59375 0.8046875 0.6302083333333334 0.703125 0.6145833333333334 0.609375 0.5677083333333334 0.5859375 0.5052083333333334 0.640625 0.5052083333333334 0.7890625 0.546875 0.8203125
0 0.96875 0.5703125 0.9583333333333334 0.484375 0.9166666666666666 0.4453125 0.8489583333333334 0.46875 0.8229166666666666 0.53125 0.8229166666666666 0.5859375 0.96875 0.5703125
0 0.5052083333333334 0.1640625 0.5885416666666666 0.125 0.5677083333333334 0.0390625 0.53125 0.0078125 0.46875 0.0078125 0.4427083333333333 0.0390625 0.4427083333333333 0.0859375 0.5052083333333334 0.1640625
0 0.6666666666666666 0.671875 0.71875 0.703125 0.7552083333333334 0.703125 0.78125 0.671875 0.8072916666666666 0.5703125 0.8080885416666667 0.496078125 0.823234375 0.421 0.7850364583333334 0.328140625 0.682296875 0.2738046875 0.5986562499999999 0.315296875 0.6041666666666666 0.4375 0.6041666666666666 0.53125 0.6666666666666666 0.671875
0 0.4322916666666667 0.34375 0.4427083333333333 0.375 0.5260416666666666 0.3671875 0.5416666666666666 0.3203125 0.5364583333333334 0.234375 0.4791666666666667 0.1640625 0.4791666666666667 0.2734375 0.4322916666666667 0.34375
0 0.3333333333333333 0.3828125 0.4322916666666667 0.484375 0.4375 0.3828125 0.4114583333333333 0.3359375 0.3541666666666667 0.3203125 0.3020833333333333 0.34375 0.28125 0.375 0.3333333333333333 0.3828125
0 0.640625 0.9375 0.6979166666666666 0.9765625 0.765625 0.9375 0.7760416666666666 0.8203125 0.7395833333333334 0.7265625 0.6510416666666666 0.7109375 0.6041666666666666 0.796875 0.6041666666666666 0.8828125 0.640625 0.9375
0 0.6510416666666666 0.2578125 0.578125 0.15625 0.53125 0.171875 0.5572916666666666 0.3125 0.6510416666666666 0.2578125
0 0.6770833333333334 0.2578125 0.7916666666666666 0.3203125 0.828125 0.2578125 0.8072916666666666 0.1953125 0.75 0.1328125 0.6614583333333334 0.1171875 0.625 0.140625 0.6197916666666666 0.171875 0.6770833333333334 0.2578125
0 0.4541666666666667 0.9921875 0.4669375 0.992 0.48125 0.9921875 0.5625 0.9921875 0.5677083333333334 0.8984375 0.53125 0.8203125 0.4947916666666667 0.8046875 0.4791666666666667 0.8515625 0.4895833333333333 0.9375 0.4270833333333333 0.9609375 0.4270833333333333 0.9921875 0.4541666666666667 0.9921875