0 0.8229166666666666 0.5625 0.875 0.5234375 0.875 0.4609375 0.84375 0.40625 0.7760416666666666 0.40625 0.7708333333333334 0.5078125 0.8229166666666666 0.5625
0 0.3958333333333333 0.8671875 0.4791666666666667 0.84375 0.515625 0.765625 0.515625 0.7265625 0.484375 0.6640625 0.4427083333333333 0.6328125 0.3697916666666667 0.6640625 0.34375 0.7109375 0.3385416666666667 0.796875 0.3958333333333333 0.8671875
0 0.3072916666666667 0.578125 0.3541666666666667 0.453125 0.328125 0.4140625 0.265625 0.4453125 0.2552083333333333 0.515625 0.3072916666666667 0.578125
0 0.34375 0.65625 0.453125 0.609375 0.4427083333333333 0.5390625 0.4114583333333333 0.4765625 0.3541666666666667 0.4765625 0.3229166666666667 0.53125 0.3177083333333333 0.59375 0.34375 0.65625
0 0.4583333333333333 0.578125 0.5364583333333334 0.5234375 0.515625 0.4609375 0.4427083333333333 0.46875 0.4322916666666667 0.5 0.4583333333333333 0.578125
0 0.7916666666666666 0.8203125 0.8489583333333334 0.84375 0.8958333333333334 0.8125 0.90625 0.734375 0.859375 0.640625 0.828125 0.609375 0.7916666666666666 0.609375 0.7604166666666666 0.640625 0.75 0.734375 0.7916666666666666 0.8203125
0 0.07291666666666667 0.734375 0.11458333333333333 0.6796875 0.11979166666666667 0.6171875 0.09895833333333333 0.578125 0.052083333333333336 0.5703125 0.010416666666666666 0.6015625 0 0.7265625 0.07291666666666667 0.734375
0 0.20833333333333334 0.8046875 0.24479166666666666 0.78125 0.3072916666666667 0.796875 0.3489583333333333 0.6875 0.3125 0.6015625 0.25 0.6171875 0.19791666666666666 0.6796875 0.1875 0.78125 0.20833333333333334 0.8046875
0 0.9114583333333334 0.7109375 0.953125 0.6640625 0.953125 0.609375 0.9166666666666666 0.5390625 0.8697916666666666 0.5390625 0.8333333333333334 0.578125 0.828125 0.59375 0.9114583333333334 0.7109375
0 0.3645833333333333 0.453125 0.4322916666666667 0.46875 0.4583333333333333 0.4375 0.4375 0.3203125 0.3802083333333333 0.328125 0.34375 0.375 0.3385416666666667 0.4140625 0.3645833333333333 0.453125
0 0.171875 0.703125 0.234375 0.6171875 0.28125 0.6015625 0.24479166666666666 0.5078125 0.21354166666666666 0.484375 0.18229166666666666 0.484375 0.13020833333333334 0.546875 0.13020833333333334 0.640625 0.171875 0.703125
0 0.22916666666666666 0.484375 0.2708333333333333 0.4296875 0.3333333333333333 0.3984375 0.3333333333333333 0.3515625 0.296875 0.3203125 0.24479166666666666 0.3203125 0.19270833333333334 0.375 0.1875 0.453125 0.22916666666666666 0.484375
0 0.625 0.625 0.6770833333333334 0.6015625 0.6875 0.5390625 0.6458333333333334 0.4375 0.5885416666666666 0.4140625 0.5520833333333334 0.453125 0.546875 0.515625 0.625 0.625
0 0.9635416666666666 0.640625 0.9895833333333334 0.6484375 0.9947916666666666 0.515625 0.9375 0.5234375 0.9322916666666666 0.5546875 0.9635416666666666 0.640625
0 0.5260416666666666 0.7265625 0.6145833333333334 0.671875 0.59375 0.5859375 0.5572916666666666 0.5390625 0.4895833333333333 0.5546875 0.46875 0.5859375 0.46875 0.6328125 0.5260416666666666 0.7265625
0 0.5572916666666666 0.8984375 0.6510416666666666 0.890625 0.703125 0.828125 0.6770833333333334 0.734375 0.640625 0.6875 0.5520833333333334 0.7265625 0.515625 0.796875 0.515625 0.859375 0.5572916666666666 0.8984375
0 0.4895833333333333 0.4453125 0.5416666666666666 0.4453125 0.609375 0.3515625 0.6041666666666666 0.3125 0.546875 0.25 0.5 0.2578125 0.4583333333333333 0.3203125 0.4583333333333333 0.3984375 0.4895833333333333 0.4453125
0 0.6614583333333334 0.6953125 0.7083333333333334 0.8046875 0.734375 0.796875 0.7395833333333334 0.671875 0.6979166666666666 0.6328125 0.640625 0.640625 0.6302083333333334 0.6796875 0.6614583333333334 0.6953125
0 0.6354166666666666 0.4140625 0.6510416666666666 0.3515625 0.609375 0.3671875 0.6041666666666666 0.40625 0.6354166666666666 0.4140625
0 0.671875 0.4765625 0.703125 0.5 0.7604166666666666 0.4765625 0.7708333333333334 0.4140625 0.7447916666666666 0.34375 0.6875 0.328125 0.6458333333333334 0.3828125 0.640625 0.40625 0.671875 0.4765625
0 0.7447916666666666 0.6640625 0.7760416666666666 0.609375 0.8177083333333334 0.59375 0.7708333333333334 0.515625 0.7395833333333334 0.5078125 0.6979166666666666 0.5390625 0.6927083333333334 0.6171875 0.7447916666666666 0.6640625