0 0.5104166666666666 0.927536231884058 0.4895833333333333 0.8985507246376812 0.4583333333333333 0.8985507246376812 0.4583333333333333 0.9492753623188406 0.5104166666666666 0.927536231884058
0 0.10416666666666667 0.391304347826087 0.16145833333333334 0.38405797101449274 0.17708333333333334 0.36231884057971014 0.14583333333333334 0.29710144927536236 0.09895833333333333 0.3115942028985507 0.08854166666666667 0.3695652173913044 0.10416666666666667 0.391304347826087
0 0.6145833333333334 0.08695652173913045 0.609375 0.06521739130434782 0.5729166666666666 0.057971014492753624 0.5677083333333334 0.09420289855072464 0.6145833333333334 0.08695652173913045
0 0.609375 0.3985507246376812 0.6041666666666666 0.4420289855072464 0.6666666666666666 0.4347826086956522 0.6666666666666666 0.3333333333333333 0.59375 0.29710144927536236 0.53125 0.31884057971014496 0.5364583333333334 0.391304347826087 0.609375 0.3985507246376812
0 0.6510416666666666 0.6159420289855072 0.6927083333333334 0.6086956521739131 0.6927083333333334 0.5144927536231885 0.6770833333333334 0.5 0.640625 0.5217391304347826 0.625 0.5869565217391305 0.6510416666666666 0.6159420289855072
0 0.46875 0.5434782608695653 0.53125 0.4927536231884058 0.53125 0.463768115942029 0.5104166666666666 0.4492753623188406 0.5208333333333334 0.391304347826087 0.4895833333333333 0.391304347826087 0.48211458333333335 0.4069782608695652 0.46458854166666663 0.4201014492753623 0.4375 0.4347826086956522 0.4270833333333333 0.47826086956521746 0.46875 0.5434782608695653
0 0.5208333333333334 0.9202898550724639 0.609375 0.9565217391304349 0.6666666666666666 0.8985507246376812 0.6510416666666666 0.8623188405797102 0.6614583333333334 0.7971014492753624 0.6458333333333334 0.7681159420289855 0.5833333333333334 0.7681159420289855 0.5208333333333334 0.8260869565217391 0.5052083333333334 0.8695652173913044 0.5208333333333334 0.9202898550724639
0 0.2760416666666667 0.41304347826086957 0.328125 0.3985507246376812 0.3541666666666667 0.3478260869565218 0.3125 0.30434782608695654 0.265625 0.31884057971014496 0.25 0.36231884057971014 0.2760416666666667 0.41304347826086957
0 0.4583333333333333 0.8840579710144928 0.4947916666666667 0.8840579710144928 0.5364583333333334 0.7898550724637681 0.5260416666666666 0.717391304347826 0.484375 0.6739130434782609 0.4479166666666667 0.6739130434782609 0.4010416666666667 0.717391304347826 0.4010416666666667 0.8043478260869565 0.4583333333333333 0.8840579710144928
0 0.265625 0.8768115942028986 0.34375 0.8405797101449275 0.3177083333333333 0.7536231884057971 0.2760416666666667 0.717391304347826 0.23958333333333334 0.7101449275362319 0.203125 0.746376811594203 0.19791666666666666 0.8043478260869565 0.265625 0.8768115942028986
0 0.3645833333333333 0.3405797101449275 0.4114583333333333 0.32608695652173914 0.4270833333333333 0.2898550724637681 0.421875 0.23913043478260873 0.3854166666666667 0.21014492753623187 0.3385416666666667 0.2246376811594203 0.3177083333333333 0.2608695652173913 0.3125 0.2898550724637681 0.3645833333333333 0.3405797101449275
0 0.4895833333333333 0.2608695652173913 0.4739583333333333 0.2318840579710145 0.4375 0.2246376811594203 0.4375 0.28260869565217395 0.4895833333333333 0.2608695652173913
0 0.359375 0.6449275362318841 0.3958333333333333 0.572463768115942 0.453125 0.5434782608695653 0.375 0.5217391304347826 0.34375 0.5507246376811594 0.3385416666666667 0.6159420289855072 0.359375 0.6449275362318841
0 0.421875 0.463768115942029 0.4375 0.42753623188405804 0.4322916666666667 0.4057971014492754 0.3802083333333333 0.42028985507246375 0.3854166666666667 0.463768115942029 0.421875 0.463768115942029
0 0.328125 0.7608695652173914 0.3541666666666667 0.8333333333333334 0.3854166666666667 0.8043478260869565 0.390625 0.7391304347826088 0.359375 0.6666666666666666 0.3177083333333333 0.6521739130434783 0.2760416666666667 0.6884057971014493 0.2708333333333333 0.7028985507246377 0.328125 0.7608695652173914
0 0.4166666666666667 0.8260869565217391 0.391796875 0.8252028985507246 0.375 0.8333333333333334 0.4375 0.8623188405797102 0.4166666666666667 0.8260869565217391
0 0.2708333333333333 0.6666666666666666 0.3385416666666667 0.6449275362318841 0.3333333333333333 0.5362318840579711 0.28125 0.5289855072463768 0.25 0.5507246376811594 0.24479166666666666 0.6231884057971014 0.2708333333333333 0.6666666666666666
0 0.3854166666666667 0.2028985507246377 0.4322916666666667 0.2246376811594203 0.4479166666666667 0.1956521739130435 0.4479166666666667 0.13768115942028986 0.4114583333333333 0.10144927536231885 0.359375 0.10869565217391305 0.3333333333333333 0.15217391304347827 0.3333333333333333 0.21014492753623187 0.3854166666666667 0.2028985507246377
0 0.6979166666666666 0.5072463768115942 0.7552083333333334 0.5 0.7864583333333334 0.47101449275362317 0.7864583333333334 0.3985507246376812 0.765625 0.3695652173913044 0.7135416666666666 0.37681159420289856 0.6770833333333334 0.42028985507246375 0.6770833333333334 0.47101449275362317 0.6979166666666666 0.5072463768115942
0 0.6666666666666666 0.7536231884057971 0.65625 0.6884057971014493 0.6197916666666666 0.6449275362318841 0.5833333333333334 0.6449275362318841 0.5416666666666666 0.6956521739130436 0.5520833333333334 0.7681159420289855 0.6666666666666666 0.7536231884057971
0 0.5989583333333334 0.9927536231884058 0.5833333333333334 0.9565217391304349 0.546875 0.9347826086956522 0.4635416666666667 0.9565217391304349 0.4427083333333333 0.9927536231884058 0.5989583333333334 0.9927536231884058
0 0.4427083333333333 0.5289855072463768 0.4166666666666667 0.47101449275362317 0.3802083333333333 0.47826086956521746 0.375 0.5144927536231885 0.4427083333333333 0.5289855072463768
0 0.390625 0.717391304347826 0.4479166666666667 0.6666666666666666 0.4895833333333333 0.6666666666666666 0.53125 0.7101449275362319 0.546875 0.6594202898550725 0.5208333333333334 0.5942028985507247 0.4635416666666667 0.5579710144927537 0.4166666666666667 0.5652173913043479 0.375 0.6086956521739131 0.3697916666666667 0.6666666666666666 0.390625 0.717391304347826
0 0.4635416666666667 0.4057971014492754 0.515625 0.3695652173913044 0.53125 0.29710144927536236 0.4895833333333333 0.26811594202898553 0.4375 0.2898550724637681 0.421875 0.31884057971014496 0.4270833333333333 0.38405797101449274 0.4635416666666667 0.4057971014492754
0 0.6145833333333334 0.572463768115942 0.6302083333333334 0.5144927536231885 0.609375 0.47101449275362317 0.5729166666666666 0.463768115942029 0.5364583333333334 0.4927536231884058 0.5416666666666666 0.572463768115942 0.6145833333333334 0.572463768115942
0 0.3541666666666667 0.5289855072463768 0.3697916666666667 0.5072463768115942 0.375 0.4492753623188406 0.359375 0.42028985507246375 0.3229166666666667 0.4057971014492754 0.2916666666666667 0.4347826086956522 0.3020833333333333 0.5144927536231885 0.3541666666666667 0.5289855072463768
0 0.453125 0.14492753623188406 0.453125 0.21014492753623187 0.4791666666666667 0.2173913043478261 0.5 0.16666666666666666 0.46875 0.11594202898550725 0.4375 0.12318840579710146 0.453125 0.14492753623188406
0 0.4322916666666667 0.9927536231884058 0.453125 0.9492753623188406 0.4322916666666667 0.8695652173913044 0.375 0.8478260869565218 0.3125 0.8623188405797102 0.265625 0.9420289855072463 0.2604166666666667 0.9927536231884058 0.4322916666666667 0.9927536231884058