0 0.9947916666666666 0.328125 0.9791666666666666 0.2734375 0.9114583333333334 0.25 0.9114583333333334 0.34375 0.9947916666666666 0.328125
0 0.9947916666666666 0.9921875 0.9947916666666666 0.8359375 0.953125 0.8203125 0.8385416666666666 0.8515625 0.78125 0.8984375 0.7552083333333334 0.9609375 0.75 0.9921875 0.9947916666666666 0.9921875
0 0.0625 0.6171875 0.0625 0.5625 0.010416666666666666 0.4921875 0 0.6953125 0.0625 0.6171875
0 0.7708333333333334 0.84375 0.953125 0.796875 0.9947916666666666 0.7578125 0.9947916666666666 0.5 0.8125 0.5625 0.6979166666666666 0.6640625 0.671875 0.7109375 0.6875 0.8125 0.7708333333333334 0.84375
0 0.7291666666666666 0.9921875 0.7552083333333334 0.8828125 0.7291666666666666 0.8359375 0.6822916666666666 0.828125 0.6145833333333334 0.90625 0.6145833333333334 0.9921875 0.7291666666666666 0.9921875
0 0.296875 0.6328125 0.328125 0.7890625 0.3802083333333333 0.765625 0.3489583333333333 0.6328125 0.390625 0.578125 0.3125 0.5234375 0.2552083333333333 0.5390625 0.23958333333333334 0.5625 0.296875 0.6328125
0 0.06770833333333333 0.5625 0.06770833333333333 0.6171875 0.171875 0.546875 0.16145833333333334 0.4921875 0.125 0.453125 0.005208333333333333 0.453125 0 0.484375 0.06770833333333333 0.5625
0 0.08854166666666667 0.8203125 0.14583333333333334 0.796875 0.2604166666666667 0.8125 0.3020833333333333 0.75 0.2916666666666667 0.640625 0.21875 0.5625 0.14583333333333334 0.5703125 0.08333333333333333 0.6484375 0.06770833333333333 0.7265625 0.08854166666666667 0.8203125
0 0.5104166666666666 0.53125 0.59375 0.6171875 0.7135416666666666 0.625 0.7916666666666666 0.5625 0.7916666666666666 0.453125 0.75 0.3984375 0.6302083333333334 0.3671875 0.578125 0.375 0.5208333333333334 0.421875 0.5 0.4453125 0.5104166666666666 0.53125
0 0.4114583333333333 0.578125 0.4427083333333333 0.5546875 0.5104166666666666 0.5546875 0.4791666666666667 0.4140625 0.4479166666666667 0.3984375 0.3802083333333333 0.3984375 0.3229166666666667 0.484375 0.3177083333333333 0.515625 0.4114583333333333 0.578125
0 0.8020833333333334 0.4375 0.8385416666666666 0.375 0.9010416666666666 0.3359375 0.9010416666666666 0.2421875 0.8802083333333334 0.1953125 0.8385416666666666 0.1640625 0.7916666666666666 0.1640625 0.7552083333333334 0.1953125 0.703125 0.328125 0.703125 0.3671875 0.8020833333333334 0.4375
0 0.9947916666666666 0.4296875 0.9938072916666667 0.4012421875 0.9947916666666666 0.37890625 0.9947916666666666 0.328125 0.9427083333333334 0.328125 0.9270833333333334 0.3515625 0.9947916666666666 0.4296875
0 0.546875 0.921875 0.6041666666666666 0.9140625 0.6614583333333334 0.8203125 0.6510416666666666 0.7109375 0.546875 0.59375 0.4583333333333333 0.5625 0.3802083333333333 0.625 0.3854166666666667 0.734375 0.546875 0.921875
0 0.3333333333333333 0.9921875 0.53125 0.9921875 0.53125 0.9453125 0.421875 0.8046875 0.3541666666666667 0.8046875 0.3072916666666667 0.859375 0.3020833333333333 0.890625 0.3333333333333333 0.9921875
0 0.59375 0.359375 0.6927083333333334 0.359375 0.734375 0.2109375 0.6614583333333334 0.1953125 0.5989583333333334 0.21875 0.5104166666666666 0.3515625 0.4947916666666667 0.4296875 0.59375 0.359375
0 0.3125 0.9921875 0.2916666666666667 0.890625 0.19270833333333334 0.8125 0.078125 0.8359375 0.03125 0.8984375 0.036458333333333336 0.9921875 0.3125 0.9921875
0 0.9322916666666666 0.515625 0.9947916666666666 0.4765625 0.9947916666666666 0.421875 0.9479166666666666 0.3671875 0.8697916666666666 0.3671875 0.8177083333333334 0.421875 0.8125 0.5390625 0.9322916666666666 0.515625